eil101_80_2_1_1.txt
Cost = 564.000
D0	563.218	13 28 1 5 27 76 30 7 62 52 50 10 29 70 88 69 31 41 4 38 83 86 60 46 12 24 26 18 
T	564.000	0 89 6 94 96 99 59 93 85 91 100 98 37 92 95 97 87 2 57 15 43 42 14 44 16 61 84 17 45 8 82 48 47 36 49 64 19 11 63 90 32 20 66 65 35 71 9 51 33 81 34 78 79 3 77 68 80 54 55 25 67 23 39 56 75 22 74 72 73 21 40 58 53 101 0 
---
eil101_80_2_1_2.txt
Cost = 648.980
D0	648.980	44 5 84 52 8 46 45 17 28 23 42 57 43 67 41 15 87 2 
T	648.000	0 86 16 61 85 93 59 99 96 94 6 89 60 83 18 7 82 48 47 36 49 64 19 11 63 32 90 10 62 88 31 70 30 20 66 65 35 71 9 51 33 81 34 78 79 3 77 76 50 1 69 27 101 53 26 12 80 68 29 24 54 55 25 4 39 56 75 22 74 72 73 21 40 58 13 95 97 92 98 37 100 91 14 38 0 
---
eil101_0_2_1_1.txt
Cost = 819.000
D0	0.000	
T	819.000	0 101 28 12 80 68 29 24 54 4 55 25 67 23 39 56 75 41 22 74 72 73 21 26 53 40 58 13 95 97 87 2 57 15 43 42 14 44 38 86 16 61 93 85 91 100 98 37 92 59 99 96 94 6 89 52 18 83 60 5 84 17 45 8 82 7 48 47 46 36 49 64 19 11 63 32 90 10 62 88 31 70 30 20 66 65 35 71 9 51 33 81 34 78 79 3 77 76 50 1 69 27 0 
---
eil101_20_2_1_1.txt
Cost = 736.000
D0	380.575	94 98 42 97 22 58 15 13 41 53 21 74 73 6 57 2 59 87 95 
T	736.000	0 101 27 28 40 26 12 68 80 54 4 72 75 56 23 67 39 25 55 24 29 78 34 35 71 65 66 20 30 51 9 81 33 79 3 77 76 50 1 69 70 31 88 62 10 90 32 63 11 19 64 49 36 46 47 48 7 82 8 45 17 86 38 43 14 44 16 91 100 37 92 96 99 93 85 61 84 5 60 83 18 52 89 0 
---
eil101_40_2_1_1.txt
Cost = 646.000
D0	629.670	72 26 27 28 23 74 53 12 21 4 73 98 94 97 59 99 93 43 96 6 57 87 14 16 44 42 2 89 18 61 84 
T	646.000	0 101 58 40 13 95 92 37 100 91 85 5 60 83 8 45 17 86 38 15 41 22 75 56 39 67 25 55 54 80 68 24 29 78 34 35 71 65 66 20 51 9 81 33 79 3 77 76 50 1 69 70 30 10 90 32 63 11 19 64 49 36 46 47 48 82 7 62 88 31 52 0 
---
eil101_60_2_1_1.txt
Cost = 578.000
D0	575.298	18 44 60 5 86 83 52 54 27 76 69 41 50 87 14 57 15 13 26 2 43 42 38 1 28 12 4 
T	578.000	0 101 53 58 40 21 73 72 74 22 75 56 39 23 67 25 55 24 29 80 68 77 3 79 78 34 81 33 51 9 71 35 65 66 20 30 70 31 88 62 10 90 32 63 11 19 64 49 36 46 47 48 7 82 8 45 17 84 61 16 91 100 37 98 85 93 59 99 96 92 97 95 94 6 89 0 
---
eil101_100_2_1_1.txt
Cost = 560.000
D0	558.634	62 76 27 66 12 1 24 29 50 70 7 13 18 83 26 52 49 46 60 38 88 64 31 69 28 41 
T	560.000	0 89 6 94 96 99 93 85 91 100 98 37 92 59 95 97 87 2 57 15 43 42 14 44 86 16 61 5 84 17 45 8 82 48 47 36 19 11 63 32 90 10 30 20 51 33 81 9 71 65 35 34 78 79 3 77 68 80 54 55 25 4 39 67 23 56 75 22 74 72 73 21 40 58 53 101 0 
---
eil101_80_1_1_1.txt
Cost = 650.000
D0	643.403	26 50 69 60 86 27 38 13 54 1 28 83 7 46 52 41 18 
T	650.000	0 89 6 94 96 99 93 85 91 100 37 98 92 59 95 97 87 2 57 15 43 42 14 44 16 61 5 84 17 45 8 82 48 47 36 49 64 19 11 63 32 90 10 62 88 31 70 30 20 66 65 35 71 9 51 33 81 34 78 79 3 77 76 12 80 68 29 24 55 25 4 39 67 23 56 75 22 74 72 73 21 40 58 53 101 0 
---
eil101_80_3_1_1.txt
Cost = 503.189
D0	503.189	26 76 30 28 27 18 1 7 42 29 38 13 12 60 83 62 50 88 4 41 31 57 15 43 24 2 10 23 52 67 46 87 69 70 
T	502.000	0 101 53 58 40 21 73 72 74 22 75 56 39 25 55 54 80 68 77 3 79 78 34 81 33 51 9 71 35 65 66 20 32 90 63 11 19 64 49 36 47 48 82 8 45 17 84 5 61 16 86 44 14 91 100 37 98 85 93 59 99 96 92 97 95 94 6 89 0 
---
eil101_80_4_1_1.txt
Cost = 456.000
D0	452.402	12 44 67 24 29 23 41 28 26 4 33 51 10 88 76 13 14 52 57 38 70 87 7 69 30 31 62 27 46 15 1 50 18 83 60 42 43 2 86 
T	456.000	0 101 53 58 40 21 73 72 74 22 75 56 39 25 55 54 80 68 77 3 79 78 34 81 9 71 35 65 66 20 32 90 63 11 19 64 49 36 47 48 82 8 45 17 84 5 61 16 91 100 37 98 85 93 59 99 96 92 97 95 94 6 89 0 
---
eil101_80_5_1_1.txt
Cost = 420.833
D0	420.833	5 69 41 15 44 8 6 53 76 60 30 62 86 7 70 92 43 87 42 18 13 17 95 38 31 46 45 10 88 97 52 14 57 1 67 29 24 50 23 28 26 27 51 33 2 12 4 
T	420.000	0 89 94 96 99 59 93 85 98 37 100 91 16 61 84 83 82 48 47 36 49 64 19 11 63 90 32 20 66 65 35 71 9 81 34 78 79 3 77 68 80 54 55 25 39 56 75 22 74 72 73 21 40 58 101 0 
---
eil101_80_2_2_1.txt
Cost = 456.000
D0	452.389	44 27 33 30 7 52 28 14 24 67 88 31 46 15 50 18 10 70 12 86 
D1	452.414	41 83 2 51 23 60 29 57 1 38 62 76 87 13 4 43 69 42 26 
T	456.000	0 101 53 58 40 21 73 72 74 22 75 56 39 25 55 54 80 68 77 3 79 78 34 81 9 71 35 65 66 20 32 90 63 11 19 64 49 36 47 48 82 8 45 17 84 5 61 16 91 100 37 98 85 93 99 96 59 92 97 95 94 6 89 0 
---
eil101_80_2_3_1.txt
Cost = 395.000
D0	392.519	10 50 6 15 57 5 77 30 83 52 88 84 40 31 69 1 95 85 26 24 101 28 27 
D1	392.419	44 43 41 7 58 29 33 42 17 46 13 67 45 86 
D2	392.306	8 62 14 39 51 12 70 21 53 60 76 38 55 25 23 
T	395.000	0 18 82 48 47 36 49 64 19 11 63 90 32 20 66 65 35 71 9 81 34 78 79 3 68 80 54 4 56 75 22 74 72 73 2 87 97 92 37 98 100 91 16 61 93 59 99 96 94 89 0 
---
eil101_80_2_4_1.txt
Cost = 346.000
D0	344.175	26 14 15 92 97 86 6 88 4 8 73 53 13 23 43 
D1	344.255	41 31 45 46 38 56 27 42 29 75 30 67 
D2	344.227	95 17 55 39 50 51 25 69 62 57 12 18 60 10 21 
D3	344.253	44 1 74 24 101 54 70 87 76 2 7 72 33 52 40 58 22 
T	346.000	0 28 80 68 77 3 79 78 34 81 9 71 35 65 66 20 32 90 63 11 19 64 49 36 47 48 82 83 5 84 61 16 91 100 37 98 85 93 59 99 96 94 89 0 
---
eil101_80_2_5_1.txt
Cost = 318.000
D0	316.962	50 77 70 7 4 52 39 1 95 45 53 69 8 17 18 13 58 27 
D1	316.871	46 21 14 75 74 6 83 31 60 82 24 38 92 
D2	316.993	15 37 29 22 57 12 98 42 62 84 2 67 
D3	316.829	56 97 72 5 100 55 51 25 54 88 30 43 
D4	316.908	33 41 76 3 40 10 73 26 44 99 87 86 23 101 
T	318.000	0 28 80 68 79 78 34 81 9 71 35 65 66 20 32 90 63 11 19 64 49 36 47 48 61 16 91 85 93 59 96 94 89 0 
---
gr120_80_2_1_1.txt
Cost = 1414.000
D0	1407.626	60 105 74 1 87 70 7 116 4 38 2 8 115 3 82 119 103 11 9 51 23 13 111 20 46 44 18 14 75 107 
T	1414.000	0 56 41 50 98 42 17 49 118 113 69 65 43 108 79 68 91 58 100 33 52 25 19 117 31 66 85 22 86 81 94 78 45 28 92 120 32 30 15 59 76 29 61 16 24 96 90 54 6 36 84 35 10 99 104 106 62 37 67 83 39 57 73 114 5 63 77 95 97 12 88 109 21 93 64 53 27 80 101 102 48 110 112 89 55 47 71 26 34 40 72 0 
---
gr120_80_2_1_2.txt
Cost = 1726.000
D0	1713.032	6 74 1 111 84 24 60 97 36 114 35 39 12 104 88 106 77 95 
T	1726.000	0 10 99 62 37 67 83 57 73 63 5 27 53 64 109 21 93 2 115 11 51 23 9 82 3 80 101 102 48 110 112 89 55 47 71 26 4 119 103 38 7 56 41 42 17 49 118 13 20 46 50 98 44 75 87 14 86 22 85 18 107 108 43 69 113 65 68 91 58 79 100 33 52 25 19 117 31 66 81 94 78 45 28 92 120 32 30 15 59 76 29 61 16 105 72 40 34 116 70 8 54 90 96 0 
---
gr120_0_2_1_1.txt
Cost = 2006.000
D0	0.000	
T	2006.000	0 72 40 34 116 70 8 26 4 119 103 9 23 51 11 115 2 82 3 80 27 53 64 93 21 109 88 12 97 95 77 63 5 114 73 57 39 83 67 37 62 106 104 99 10 35 84 36 6 55 89 112 110 101 102 48 47 71 54 90 96 111 24 60 105 74 87 45 28 92 120 32 30 29 61 16 1 76 59 15 78 94 81 66 31 117 19 25 52 33 100 79 58 91 68 65 113 69 43 108 107 18 85 22 86 14 75 44 98 50 46 20 13 118 49 17 42 41 56 7 38 0 
---
gr120_20_2_1_1.txt
Cost = 1736.000
D0	1705.998	106 99 35 89 10 62 83 57 67 73 63 37 77 27 5 53 114 39 
T	1736.000	0 72 40 34 116 70 8 26 4 119 103 9 23 51 11 115 21 109 88 12 97 95 64 93 2 82 3 80 101 102 48 110 112 104 36 84 6 55 47 71 54 90 96 111 24 60 105 74 87 45 28 92 120 32 30 29 61 16 1 76 59 15 78 94 81 66 31 117 19 25 52 33 100 79 58 91 68 65 113 69 43 108 107 18 85 22 86 14 75 44 46 20 13 118 49 17 42 98 50 41 56 7 38 0 
---
gr120_40_2_1_1.txt
Cost = 1624.000
D0	1614.946	116 6 48 34 9 103 21 47 88 111 106 3 11 102 26 53 104 71 119 82 12 4 96 39 97 
T	1624.000	0 7 38 23 51 115 2 93 109 64 95 77 63 5 27 80 101 114 73 57 83 67 37 62 99 10 35 84 36 112 110 89 55 90 54 8 70 60 24 16 61 29 76 1 59 15 30 32 120 92 28 45 78 94 81 66 31 117 19 25 52 33 100 79 58 91 68 65 113 69 43 108 107 18 85 22 86 14 75 44 98 50 46 20 13 118 49 17 42 41 56 87 74 105 40 72 0 
---
gr120_60_2_1_1.txt
Cost = 1494.000
D0	1474.567	14 116 60 3 5 44 2 70 4 11 7 9 51 105 111 1 42 74 23 115 87 114 82 119 106 38 39 103 10 
T	1494.000	0 56 41 50 98 17 49 118 13 20 46 75 86 22 85 18 107 108 43 69 113 65 68 91 58 79 100 33 52 25 19 117 31 66 81 94 78 45 28 92 120 32 30 15 59 76 29 61 16 24 8 54 96 90 55 6 36 84 35 104 99 62 37 67 83 57 73 63 77 95 97 12 88 109 21 93 64 53 27 80 101 102 48 110 112 89 47 71 26 34 40 72 0 
---
gr120_100_2_1_1.txt
Cost = 1414.000
D0	1407.626	116 46 44 74 70 87 8 4 2 82 115 9 11 23 14 75 18 107 7 38 3 119 103 20 105 60 111 51 13 1 
T	1414.000	0 56 41 50 98 42 17 49 118 113 69 65 43 108 79 68 91 58 100 33 52 25 19 117 31 66 85 22 86 81 94 78 45 28 92 120 32 30 15 59 76 29 61 16 24 96 90 54 6 36 84 35 10 99 104 106 62 37 67 83 39 57 73 114 5 63 77 95 97 12 88 109 21 93 64 53 27 80 101 102 48 110 112 89 55 47 71 26 34 40 72 0 
---
gr120_80_1_1_1.txt
Cost = 1592.000
D0	1586.856	26 60 38 7 105 74 87 1 13 111 51 23 9 103 3 82 11 119 4 
T	1592.000	0 72 40 34 116 70 8 71 47 55 89 112 110 48 102 101 80 27 53 64 93 2 115 21 109 88 12 97 95 77 63 5 114 73 57 39 83 67 37 62 106 104 99 10 35 84 36 6 54 90 96 24 16 61 29 76 59 15 30 32 120 92 28 45 78 94 81 66 31 117 19 25 52 33 100 79 58 91 68 65 113 69 43 108 107 18 85 22 86 14 75 44 46 20 118 49 17 42 98 50 41 56 0 
---
gr120_80_3_1_1.txt
Cost = 1284.735
D0	1284.735	7 70 38 106 2 3 115 82 119 103 9 11 42 46 4 20 10 51 23 13 116 81 107 75 1 76 8 18 44 74 105 14 15 60 111 59 87 
T	1284.000	0 56 41 50 98 17 49 118 113 69 65 43 108 79 68 91 58 100 33 52 25 19 117 31 66 85 22 86 94 78 45 28 92 120 32 30 29 61 16 24 96 90 54 6 36 84 35 104 99 62 37 67 83 39 57 73 114 5 63 77 95 97 12 88 109 21 93 64 53 27 80 101 102 48 110 112 89 55 47 71 26 34 40 72 0 
---
gr120_80_4_1_1.txt
Cost = 1186.000
D0	1182.476	54 14 38 5 3 42 2 115 82 9 103 11 51 23 39 114 44 116 86 46 22 20 60 105 74 75 13 70 4 111 8 45 1 119 106 76 15 10 59 7 18 107 87 
T	1186.000	0 56 41 50 98 17 49 118 113 69 65 43 108 79 68 91 58 100 33 52 25 19 117 85 66 31 81 94 78 28 92 120 32 30 29 61 16 24 96 90 55 6 36 84 35 104 99 62 37 67 83 57 73 63 77 95 97 12 88 109 21 93 64 53 27 80 101 102 48 110 112 89 47 71 26 34 40 72 0 
---
gr120_80_5_1_1.txt
Cost = 1112.000
D0	1107.350	7 44 46 75 18 45 87 22 105 82 20 116 1 97 86 70 42 51 88 111 5 54 2 9 23 76 39 38 114 107 115 10 59 120 4 8 74 119 12 13 103 3 15 14 11 60 106 
T	1112.000	0 72 40 34 26 71 47 55 89 112 110 48 102 101 80 27 53 93 21 109 64 95 77 63 73 57 83 67 37 62 99 104 35 84 36 6 90 96 24 16 61 29 30 32 92 28 78 94 81 31 66 85 117 19 25 52 33 100 58 91 68 79 108 43 65 69 113 118 49 17 98 50 41 56 0 
---
gr120_80_2_2_1.txt
Cost = 1186.000
D0	1182.407	119 5 11 54 46 115 51 7 8 3 87 13 20 18 45 116 42 9 60 105 38 4 106 103 74 
D1	1182.545	23 114 86 75 1 14 59 82 44 15 76 2 70 10 111 107 39 22 
T	1186.000	0 56 41 50 98 17 49 118 113 69 65 43 108 79 68 91 58 100 33 52 25 19 117 85 66 31 81 94 78 28 92 120 32 30 29 61 16 24 96 90 55 6 36 84 35 104 99 62 37 67 83 57 73 63 77 95 97 12 88 109 21 93 64 53 27 80 101 102 48 110 112 89 47 71 26 34 40 72 0 
---
gr120_80_2_3_1.txt
Cost = 1044.000
D0	1037.283	87 5 7 82 6 111 44 103 106 97 12 14 59 74 13 40 8 
D1	1037.133	11 1 60 21 107 23 116 42 3 18 55 38 93 10 26 70 105 76 72 45 
D2	1037.284	75 119 115 9 22 86 15 51 34 109 46 114 39 2 88 20 
T	1044.000	0 56 41 50 98 17 49 118 113 69 65 43 108 79 68 91 58 100 33 52 25 19 117 85 66 31 81 94 78 28 92 120 32 30 29 61 16 24 96 90 54 71 47 89 110 112 36 84 35 104 99 62 37 67 83 57 73 63 77 95 64 53 27 80 101 102 48 4 0 
---
gr120_80_2_4_1.txt
Cost = 943.000
D0	941.645	3 34 98 1 86 5 113 45 22 103 109 93 60 82 18 17 
D1	941.635	4 15 35 20 2 74 14 50 39 70 88 9 21 10 
D2	941.859	8 49 84 59 44 118 111 40 26 75 87 97 11 72 116 12 119 
D3	941.689	51 105 13 76 7 89 55 23 106 120 114 41 95 42 115 6 
T	943.000	0 56 46 107 108 43 69 65 68 91 58 79 100 33 52 25 19 117 85 66 31 81 94 78 28 92 32 30 29 61 16 24 96 90 54 71 47 48 110 112 36 104 99 62 37 67 83 57 73 63 77 64 53 27 80 101 102 38 0 
---
gr120_80_2_5_1.txt
Cost = 878.692
D0	878.690	50 11 30 22 74 13 8 3 41 46 51 104 12 113 
D1	878.692	82 14 75 45 42 18 94 21 70 5 38 39 2 111 26 7 
D2	878.686	15 44 110 17 59 9 73 118 76 72 103 99 88 105 116 
D3	878.672	86 47 36 87 78 49 97 119 95 34 20 71 120 6 23 
D4	878.692	1 115 60 84 93 98 28 109 54 40 114 10 35 
T	878.000	0 4 48 102 101 80 27 53 64 77 63 57 83 67 37 62 106 112 89 55 90 96 24 16 61 29 32 92 81 31 66 85 117 19 25 52 33 100 79 58 91 68 65 69 43 108 107 56 0 
---
pr152_80_2_1_1.txt
Cost = 76008.000
D0	75977.649	88 79 89 100 113 2 13 5 3 45 83 87 1 4 91 114 47 82 78 44 
T	76008.000	0 30 31 32 33 37 34 35 36 16 15 14 29 38 28 27 26 25 24 12 6 39 23 22 11 7 20 21 19 10 8 9 17 18 40 41 60 61 62 63 64 59 58 42 43 57 65 66 67 56 55 68 81 101 102 103 112 111 104 105 106 107 86 84 85 108 109 110 117 140 139 141 142 143 138 137 118 119 136 135 144 145 146 134 133 120 121 132 131 147 148 149 130 129 122 123 128 127 151 150 152 126 125 124 77 76 48 49 50 74 75 73 51 92 94 93 95 116 115 96 97 98 99 90 80 54 69 70 71 72 53 52 46 0 
---
pr152_80_2_1_2.txt
Cost = 76556.000
D0	76259.050	15 36 12 5 6 33 14 34 37 35 92 78 77 4 2 13 3 11 7 
T	76556.000	0 48 49 50 76 74 75 73 51 47 46 52 53 72 71 70 69 54 45 80 89 100 113 114 90 99 98 97 79 91 96 115 116 95 94 93 124 125 126 152 150 151 127 128 123 122 129 130 149 148 147 131 132 121 120 133 134 146 145 144 135 136 119 118 137 138 143 142 141 139 140 117 110 109 108 85 84 86 107 106 105 83 87 104 111 112 82 88 103 102 101 81 68 44 55 56 67 66 65 57 43 42 58 59 64 63 62 61 60 41 40 18 17 9 8 10 19 21 20 22 23 39 24 25 26 27 28 38 29 30 31 32 16 1 0 
---
pr152_0_2_1_1.txt
Cost = 86596.000
D0	0.000	
T	86596.000	0 45 54 69 70 71 53 52 46 72 79 90 80 89 100 113 114 99 98 97 91 96 115 116 78 47 51 73 75 74 50 49 48 76 77 92 95 94 93 124 125 126 152 150 151 127 128 123 122 129 130 149 148 147 131 132 121 120 133 134 146 145 144 135 136 119 118 137 138 143 142 141 139 140 117 110 109 108 85 84 86 107 106 105 83 87 104 111 112 82 88 103 102 101 81 68 44 55 56 67 66 65 57 43 42 58 59 64 63 62 61 60 41 40 18 17 9 8 10 19 21 20 7 11 22 23 39 6 12 24 25 26 5 13 27 28 38 4 3 2 16 1 35 36 34 37 33 32 15 14 29 30 31 0 
---
pr152_20_2_1_1.txt
Cost = 82504.000
D0	74977.175	89 113 53 71 101 58 59 63 62 46 81 70 42 45 79 102 87 114 65 57 82 43 
T	82504.000	0 52 72 69 54 44 55 56 68 67 66 88 104 111 112 103 100 80 90 99 98 97 91 96 115 116 78 47 51 73 75 74 50 49 48 76 77 92 95 94 93 124 125 126 152 150 151 127 128 123 122 129 130 149 148 147 131 132 121 120 133 134 146 145 144 135 136 119 118 137 138 143 142 141 139 140 117 110 109 108 85 84 86 107 106 105 83 64 61 60 41 40 18 17 9 8 10 19 21 20 7 11 22 23 39 6 12 24 25 26 5 13 27 28 38 4 3 2 16 1 35 36 34 37 33 32 15 14 29 30 31 0 
---
pr152_40_2_1_1.txt
Cost = 77236.000
D0	75887.611	42 13 91 81 114 27 78 47 84 43 28 104 111 38 113 82 87 79 112 
T	77236.000	0 46 52 53 72 71 70 69 54 45 44 55 56 68 67 66 65 57 88 103 102 101 100 89 80 90 99 98 97 96 115 116 95 93 94 92 51 73 75 74 50 49 48 76 77 124 125 126 152 150 151 127 128 123 122 129 130 149 148 147 131 132 121 120 133 134 146 145 144 135 136 119 118 137 138 143 142 141 139 140 117 110 109 108 85 86 107 106 105 83 64 58 59 63 62 61 60 41 40 18 17 9 8 10 19 21 20 7 11 22 23 39 6 12 24 25 26 5 4 3 2 16 1 35 36 34 37 33 32 15 14 29 30 31 0 
---
pr152_60_2_1_1.txt
Cost = 76758.000
D0	76592.076	46 87 83 81 82 54 114 45 3 89 6 12 47 78 91 79 5 113 4 13 100 
T	76758.000	0 30 31 32 33 37 34 36 35 1 16 2 15 14 29 38 28 27 26 25 24 39 23 22 11 7 20 21 19 10 8 9 17 18 40 41 60 61 62 63 64 59 58 42 43 44 55 56 68 67 66 65 57 88 102 101 103 112 111 104 105 106 107 86 84 85 108 109 110 117 140 139 141 142 143 138 137 118 119 136 135 144 145 146 134 133 120 121 132 131 147 148 149 130 129 122 123 128 127 151 150 152 126 125 124 77 76 48 49 50 74 75 73 51 92 94 93 95 116 115 96 97 98 99 90 80 69 70 71 72 53 52 0 
---
pr152_100_2_1_1.txt
Cost = 74302.000
D0	73734.884	15 54 4 116 115 96 1 44 45 88 79 99 78 91 82 89 90 100 97 80 98 113 114 
T	74302.000	0 69 70 71 72 53 52 46 47 51 73 75 74 50 49 48 76 77 92 95 94 93 124 125 126 152 150 151 127 128 123 122 129 130 149 148 147 131 132 121 120 133 134 146 145 144 135 136 119 118 137 138 143 142 141 139 140 117 110 109 108 85 84 86 107 106 105 83 87 104 111 112 103 102 101 81 68 55 56 67 66 65 57 43 42 58 59 64 63 62 61 60 41 40 18 17 9 8 10 19 21 20 7 11 22 23 39 6 12 24 25 26 5 13 27 28 38 29 14 3 2 16 36 35 34 37 33 32 31 30 0 
---
pr152_80_1_1_1.txt
Cost = 79952.000
D0	79367.299	1 45 91 82 4 79 47 78 114 89 100 113 
T	79952.000	0 46 52 53 72 71 70 69 54 80 90 99 98 97 96 115 116 95 93 94 92 51 73 75 74 50 49 48 76 77 124 125 126 152 150 151 127 128 123 122 129 130 149 148 147 131 132 121 120 133 134 146 145 144 135 136 119 118 137 138 143 142 141 139 140 117 110 109 108 85 84 86 107 106 105 83 87 104 111 112 88 103 102 101 81 68 44 55 56 67 66 65 57 43 42 58 59 64 63 62 61 60 41 40 18 17 9 8 10 19 21 20 7 11 22 23 39 6 12 24 25 26 5 13 27 28 38 29 14 3 15 2 16 36 35 34 37 33 32 31 30 0 
---
pr152_80_3_1_1.txt
Cost = 72936.000
D0	72715.622	2 14 47 3 13 78 82 102 88 101 81 67 65 55 5 103 68 56 44 66 43 57 45 114 79 91 4 1 89 113 100 
T	72936.000	0 33 37 34 35 36 16 15 32 31 30 29 38 28 27 26 25 24 12 6 39 23 22 11 7 20 21 19 10 8 9 17 18 40 41 60 61 62 63 59 58 42 64 83 87 104 112 111 105 106 107 86 84 85 108 109 110 117 140 139 141 142 143 138 137 118 119 136 135 144 145 146 134 133 120 121 132 131 147 148 149 130 129 122 123 128 127 151 150 152 126 125 124 77 76 48 49 50 74 75 73 51 92 94 93 95 116 115 96 97 98 99 90 80 54 69 70 71 72 53 52 46 0 
---
pr152_80_4_1_1.txt
Cost = 70148.000
D0	70102.800	14 13 1 2 4 3 73 82 12 88 56 65 71 46 79 47 78 89 103 113 100 102 68 67 55 44 43 45 6 57 101 91 72 5 52 66 51 70 53 81 114 92 
T	70148.000	0 33 37 34 35 36 16 15 32 31 30 29 38 28 27 26 25 24 39 23 22 11 7 20 21 19 10 8 9 17 18 40 41 60 61 62 63 59 58 42 64 83 87 104 112 111 105 106 107 86 84 85 108 109 110 117 140 139 141 142 143 138 137 118 119 136 135 144 145 146 134 133 120 121 132 131 147 148 149 130 129 122 123 128 127 151 150 152 126 125 124 77 76 48 49 50 74 75 93 94 95 116 115 96 97 98 99 90 80 54 69 0 
---
pr152_80_5_1_1.txt
Cost = 67858.000
D0	67822.977	54 15 13 70 45 12 71 79 52 72 46 78 84 100 88 101 68 56 55 44 57 114 113 5 4 65 110 91 47 1 11 6 102 81 66 53 7 82 103 89 109 43 67 108 85 
T	67858.000	0 69 80 90 99 98 97 96 115 116 95 93 94 92 51 73 75 74 50 49 48 76 77 124 125 126 152 150 151 127 128 123 122 129 130 149 148 147 131 132 121 120 133 134 146 145 144 135 136 119 118 137 138 143 142 141 139 140 117 86 107 106 105 111 112 104 87 83 64 42 58 59 63 62 61 60 41 40 18 17 9 8 10 19 21 20 22 23 39 24 25 26 27 28 38 29 14 3 2 16 36 35 34 37 33 32 31 30 0 
---
pr152_80_2_2_1.txt
Cost = 70148.000
D0	70101.654	72 68 91 12 53 52 46 89 113 102 88 101 56 81 67 66 1 6 78 47 44 51 
D1	70103.945	71 55 45 70 79 114 103 100 2 43 73 13 3 92 14 65 4 82 5 57 
T	70148.000	0 33 37 34 35 36 16 15 32 31 30 29 38 28 27 26 25 24 39 23 22 11 7 20 21 19 10 8 9 17 18 40 41 60 61 62 63 59 58 42 64 83 87 104 112 111 105 106 107 86 84 85 108 109 110 117 140 139 141 142 143 138 137 118 119 136 135 144 145 146 134 133 120 121 132 131 147 148 149 130 129 122 123 128 127 151 150 152 126 125 124 77 76 48 49 50 74 75 93 94 95 116 115 96 97 98 99 90 80 54 69 0 
---
pr152_80_2_3_1.txt
Cost = 64550.000
D0	64548.192	70 2 8 4 10 27 23 115 17 116 25 47 11 
D1	64548.355	12 54 5 82 45 38 24 6 20 19 21 7 26 
D2	64549.053	39 18 28 69 43 3 1 13 22 9 77 40 78 
T	64550.000	0 46 52 53 72 71 79 91 96 97 98 99 90 80 114 113 100 89 81 68 44 55 56 67 66 65 57 88 102 101 103 112 111 104 87 83 63 64 59 58 42 41 60 61 62 105 106 107 86 84 85 108 109 110 117 140 139 141 142 143 138 137 118 119 136 135 144 145 146 134 133 120 121 132 131 147 148 149 130 129 122 123 128 127 151 150 152 126 125 124 93 94 95 92 51 73 75 74 76 50 49 48 35 36 34 16 37 33 32 15 14 29 30 31 0 
---
pr152_80_2_4_1.txt
Cost = 59756.000
D0	59667.700	43 3 113 25 78 69 5 55 24 77 27 6 22 11 
D1	59659.265	82 13 67 40 47 1 28 26 65 44 10 66 8 
D2	59672.254	17 38 57 116 56 23 15 7 14 20 81 88 114 
D3	59682.810	18 115 4 68 9 70 45 54 29 39 19 12 21 
T	59756.000	0 46 52 53 72 71 79 91 96 97 98 99 90 80 89 100 101 102 103 112 111 104 87 83 63 64 59 58 42 41 60 61 62 105 106 107 86 84 85 108 109 110 117 140 139 141 142 143 138 137 118 119 136 135 144 145 146 134 133 120 121 132 131 147 148 149 130 129 122 123 128 127 151 150 152 126 125 124 93 94 95 92 51 73 75 74 76 50 49 48 35 36 34 16 2 37 33 32 31 30 0 
---
pr152_80_2_5_1.txt
Cost = 56178.000
D0	56149.558	69 26 70 85 45 115 40 25 56 20 13 4 3 
D1	56158.633	82 12 54 1 22 44 6 68 113 65 2 110 28 
D2	56158.828	39 17 18 55 66 88 47 19 7 84 116 
D3	56161.797	57 38 9 14 10 109 46 11 67 78 27 15 
D4	56143.505	43 5 114 8 41 23 81 108 24 77 21 
T	56178.000	0 52 53 72 71 79 91 96 97 98 99 90 80 89 100 101 102 103 112 111 104 87 83 64 42 58 59 63 62 61 60 86 106 105 107 117 140 139 141 142 143 138 137 118 119 136 135 144 145 146 134 133 120 121 132 131 147 148 149 130 129 122 123 128 127 151 150 152 126 125 124 93 94 95 92 51 73 75 74 76 50 49 48 35 36 34 16 37 33 32 31 30 29 0 
---
gr229_80_2_1_1.txt
Cost = 1780.860
D0	1779.149	123 5 71 70 72 73 4 53 13 9 52 51 22 12 3 19 41 42 1 2 14 15 28 78 38 29 27 26 
T	1780.860	0 68 69 67 63 66 65 64 62 61 60 59 58 54 55 56 57 83 82 81 87 80 88 79 77 76 75 74 103 102 101 99 98 96 97 104 105 107 106 112 115 118 119 122 121 120 116 117 114 113 108 109 110 124 125 166 126 111 127 128 129 130 132 131 171 133 134 135 136 137 138 139 142 140 143 141 144 145 146 147 148 149 151 152 153 154 155 150 204 212 205 206 207 208 213 214 215 216 219 220 210 209 211 203 202 221 222 223 200 201 158 157 156 159 160 161 162 164 163 172 174 175 176 173 165 199 198 197 187 196 195 194 192 193 191 190 189 188 49 44 43 45 47 48 46 184 50 186 185 183 182 178 180 181 179 177 168 170 169 167 40 39 32 31 30 33 34 35 36 37 95 100 94 93 92 91 90 89 86 85 25 84 24 23 21 20 16 17 18 11 10 8 7 6 224 225 218 217 227 226 228 229 0 
---
gr229_80_2_1_2.txt
Cost = 1911.580
D0	1891.889	73 1 2 29 228 28 229 205 9 
T	1911.580	0 227 226 72 70 71 69 68 67 78 77 76 75 74 91 92 93 36 35 37 95 94 100 103 102 101 99 98 96 97 104 105 107 106 112 115 118 119 121 122 123 120 116 117 114 113 108 109 110 124 125 166 126 111 127 128 129 130 132 131 171 133 134 135 136 137 138 139 142 140 143 141 144 145 146 147 148 149 151 152 153 154 155 150 204 212 206 207 208 213 214 215 216 219 220 210 209 211 203 202 221 222 223 200 201 158 157 156 159 160 161 162 164 163 172 174 175 176 173 165 199 198 197 187 196 195 194 192 193 191 190 189 188 49 44 43 45 42 46 47 48 50 184 186 185 183 182 178 180 181 179 177 168 170 169 167 40 41 39 32 31 38 34 33 30 27 26 15 14 13 12 3 4 5 6 7 8 10 11 19 18 17 16 20 21 22 25 85 86 89 90 79 88 80 87 81 82 83 84 23 24 56 57 59 60 61 63 66 65 64 62 58 54 55 53 51 52 224 225 218 217 0 
---
gr229_0_2_1_1.txt
Cost = 2017.240
D0	0.000	
T	2017.240	0 72 73 70 71 69 68 67 78 77 76 75 74 91 92 93 94 100 103 102 101 99 98 97 96 95 37 36 35 34 33 30 31 38 166 125 124 110 109 108 104 105 107 106 112 115 118 119 121 122 123 120 116 113 117 114 111 126 127 128 129 130 132 131 171 133 134 135 136 137 138 139 142 140 143 141 144 145 146 147 148 149 151 152 153 154 155 150 204 212 205 206 207 208 213 214 215 216 219 220 210 209 211 203 202 221 222 223 200 201 158 157 156 159 160 161 162 164 163 172 174 175 176 173 165 199 198 197 187 196 195 194 192 193 191 190 189 188 49 44 43 45 42 46 47 48 50 184 186 185 183 182 178 180 181 179 177 168 170 169 167 40 41 39 32 29 28 27 26 15 14 13 12 2 1 3 4 5 6 7 8 9 10 11 19 18 17 16 20 21 22 25 85 86 89 90 79 88 80 87 81 82 83 84 23 24 56 57 59 60 61 63 66 65 64 62 58 54 55 53 51 52 224 225 218 217 227 226 228 229 0 
---
gr229_20_2_1_1.txt
Cost = 1860.140
D0	1854.966	35 94 178 93 133 166 46 170 171 169 42 114 167 38 34 29 33 111 41 
T	1860.140	0 229 228 226 227 217 218 225 224 52 51 53 55 54 58 62 64 65 66 63 61 60 59 57 56 24 23 84 83 82 81 87 80 88 79 90 89 86 85 25 22 21 20 16 17 18 19 11 10 9 8 7 6 5 4 3 1 2 12 13 14 15 26 27 28 30 31 32 39 40 168 177 179 181 180 182 183 185 186 184 50 48 47 45 43 44 49 188 189 190 191 193 192 194 195 196 187 197 198 199 165 173 176 175 174 172 163 164 162 161 160 159 156 157 158 201 200 223 222 221 202 203 211 209 210 220 219 216 215 214 213 208 207 206 205 212 204 150 155 154 153 152 151 149 148 147 146 145 144 141 143 140 142 139 138 137 136 135 134 132 131 130 129 128 127 126 125 124 110 109 108 113 116 117 120 123 122 121 119 118 115 112 103 102 101 100 99 106 107 105 104 97 98 96 95 37 36 92 91 74 75 76 77 78 67 68 69 71 70 73 72 0 
---
gr229_40_2_1_1.txt
Cost = 1824.800
D0	1824.498	94 34 36 31 13 92 22 29 28 21 32 42 172 113 163 91 38 167 93 171 199 
T	1824.800	0 71 70 72 73 77 76 75 74 103 102 101 100 99 106 112 115 118 119 121 122 123 120 116 117 114 111 126 127 128 129 130 132 131 133 134 135 136 137 138 139 142 140 143 141 144 145 146 147 148 149 151 152 153 154 155 150 204 212 205 206 207 208 213 214 215 216 219 220 210 209 211 203 202 221 222 223 200 201 158 157 156 159 160 161 162 164 173 165 176 175 174 177 179 181 180 178 182 183 185 186 187 197 198 196 195 194 192 193 191 190 189 188 49 44 43 45 47 48 50 184 46 41 39 40 168 170 169 166 125 124 110 109 108 107 105 104 97 98 96 95 37 35 33 30 27 26 14 15 16 20 18 17 12 2 1 3 4 5 6 7 8 9 10 11 19 51 52 53 54 58 62 64 65 66 63 61 60 59 55 56 57 83 82 81 87 84 24 23 25 85 86 89 90 88 80 79 78 67 69 68 224 225 218 217 227 226 228 229 0 
---
gr229_60_2_1_1.txt
Cost = 1796.620
D0	1795.125	171 50 28 20 1 13 21 2 14 15 26 29 22 34 42 38 25 123 91 41 27 94 85 
T	1796.620	0 229 228 226 227 217 218 225 224 52 51 11 10 9 8 7 6 5 4 3 12 16 17 18 19 53 55 54 58 62 64 65 66 63 61 60 59 57 56 24 23 84 83 82 81 87 80 88 79 90 89 86 92 93 95 37 36 35 33 30 31 32 39 40 167 169 170 168 177 179 181 180 178 182 183 185 186 184 46 48 47 45 43 44 49 188 189 190 191 193 192 194 195 196 187 197 198 199 165 173 176 175 174 172 163 164 162 161 160 159 156 157 158 201 200 223 222 221 202 203 211 209 210 220 219 216 215 214 213 208 207 206 205 212 204 150 155 154 153 152 151 149 148 147 146 145 144 141 143 140 142 139 138 137 136 135 134 133 131 132 130 129 128 127 111 126 166 125 124 110 109 108 113 114 117 116 120 121 122 119 118 115 112 106 107 105 104 97 96 98 99 100 101 102 103 74 75 76 77 78 67 68 69 71 70 73 72 0 
---
gr229_100_2_1_1.txt
Cost = 1496.290
D0	1491.646	9 29 227 224 228 225 229 217 226 218 205 
T	1496.290	0 52 51 53 55 54 58 62 64 65 66 63 61 60 59 57 56 24 23 84 83 82 81 87 80 88 79 90 89 86 85 25 22 21 20 16 17 18 19 11 10 8 7 6 5 4 3 1 2 12 13 14 15 26 27 28 30 33 34 38 31 32 39 41 40 167 169 170 168 177 179 181 180 178 182 183 185 186 184 50 48 47 46 42 45 43 44 49 188 189 190 191 193 192 194 195 196 187 197 198 199 165 173 176 175 174 172 163 164 162 161 160 159 156 157 158 201 200 223 222 221 202 203 211 209 210 220 219 216 215 214 213 208 207 206 212 204 150 155 154 153 152 151 149 148 147 146 145 144 141 143 140 142 139 138 137 136 135 134 133 171 131 132 130 129 128 127 111 126 166 125 124 110 109 108 113 114 117 116 120 123 122 121 119 118 115 112 106 107 105 104 97 96 98 99 101 102 103 100 94 95 37 35 36 93 92 91 74 75 76 77 78 67 68 69 71 70 73 72 0 
---
gr229_80_1_1_1.txt
Cost = 1861.980
D0	1860.777	51 52 9 2 26 1 28 41 42 29 38 27 
T	1861.980	0 71 70 72 73 77 76 75 74 103 102 101 99 98 96 97 104 105 107 106 112 115 118 119 121 122 123 120 116 117 114 113 108 109 110 124 125 166 126 111 127 128 129 130 132 131 171 133 134 135 136 137 138 139 142 140 143 141 144 145 146 147 148 149 151 152 153 154 155 150 204 212 205 206 207 208 213 214 215 216 219 220 210 209 211 203 202 221 222 223 200 201 158 157 156 159 160 161 162 164 163 172 174 175 176 173 165 199 198 197 187 196 195 194 192 193 191 190 189 188 49 44 43 45 47 48 46 184 50 186 185 183 182 178 180 181 179 177 168 170 169 167 40 39 32 31 30 33 34 35 36 37 95 100 94 93 92 91 90 89 86 85 25 22 15 14 13 21 20 18 17 16 12 3 4 5 6 7 8 10 11 19 53 55 54 58 62 64 65 66 63 61 60 59 57 56 24 23 84 83 82 81 87 80 88 79 78 67 69 68 224 225 218 217 227 226 228 229 0 
---
gr229_80_3_1_1.txt
Cost = 1716.740
D0	1713.392	25 78 117 114 71 34 22 171 40 153 70 72 199 73 42 38 29 27 11 12 52 51 53 152 1 26 28 5 19 4 3 13 15 9 14 2 123 
T	1716.740	0 229 228 226 227 217 218 225 224 6 7 8 10 18 17 16 20 21 23 24 84 85 86 89 90 91 92 93 94 100 95 37 36 35 33 30 31 32 39 41 46 184 50 48 47 45 43 44 49 188 189 190 191 193 192 194 195 196 198 197 187 186 185 183 182 178 180 181 179 177 168 167 169 170 174 175 176 165 173 172 163 164 162 161 160 159 156 157 158 201 200 223 222 221 202 203 211 209 210 220 219 216 215 214 213 208 207 206 205 212 204 150 155 154 151 149 148 147 146 145 144 141 143 140 142 139 138 137 136 135 134 133 131 132 130 129 128 127 111 126 166 125 124 110 109 108 113 116 120 121 122 119 118 115 112 106 107 105 104 97 96 98 99 101 102 103 74 75 76 77 79 88 80 87 81 82 83 57 56 55 54 58 59 60 61 62 64 65 66 63 67 69 68 0 
---
gr229_80_4_1_1.txt
Cost = 1664.780
D0	1662.264	90 68 114 67 69 171 89 36 94 78 152 123 52 38 51 25 5 18 4 53 22 15 28 26 1 27 2 29 14 42 13 3 19 12 11 9 34 91 70 50 72 153 117 71 200 73 199 41 
T	1664.780	0 229 228 226 227 217 218 225 224 6 7 8 10 17 16 20 21 23 24 84 85 86 92 93 95 37 35 33 30 31 32 39 40 167 169 170 168 177 179 181 180 183 184 46 48 47 45 43 44 49 188 189 190 191 193 192 194 195 196 198 197 187 186 185 182 178 176 175 174 172 163 173 165 164 162 161 160 159 156 157 158 201 202 223 222 221 203 211 209 210 220 219 216 215 214 213 208 207 206 205 212 204 150 155 154 151 149 148 147 146 145 144 141 143 140 142 139 138 137 136 135 134 133 131 132 130 129 128 127 111 126 166 125 124 110 109 108 113 116 120 121 122 119 118 115 112 106 107 105 104 97 96 98 99 100 101 102 103 74 75 76 77 79 88 80 87 81 82 83 57 56 55 54 58 59 60 61 62 64 65 63 66 0 
---
gr229_80_5_1_1.txt
Cost = 1620.240
D0	1616.461	15 21 24 85 91 3 92 78 143 33 171 89 42 72 84 51 4 166 34 23 86 50 5 9 117 29 36 53 90 18 68 25 12 93 152 123 20 114 153 199 71 22 28 11 52 19 1 2 67 37 70 200 73 69 41 38 94 35 95 
T	1620.240	0 66 63 65 64 62 61 60 59 58 54 55 56 57 83 82 81 87 80 88 79 77 76 75 74 103 102 101 100 99 98 96 97 104 105 107 106 112 115 118 119 122 121 120 116 113 108 109 110 124 125 126 111 127 128 129 130 132 131 133 134 135 136 137 138 139 142 140 141 144 145 146 147 148 149 151 154 155 150 204 212 205 206 207 208 213 214 215 216 219 220 210 209 211 203 221 222 223 202 201 158 157 156 159 160 161 162 164 165 173 163 172 174 175 176 178 182 185 186 187 197 198 196 195 194 192 193 191 190 189 188 49 44 43 45 47 48 46 184 183 180 181 179 177 168 170 169 167 40 39 32 31 30 27 26 14 13 16 17 10 8 7 6 224 225 218 217 227 226 228 229 0 
---
gr229_80_2_2_1.txt
Cost = 1664.780
D0	1662.422	1 53 5 67 51 18 4 9 36 94 152 72 78 13 89 22 11 19 52 2 26 28 90 114 27 38 70 123 
D1	1662.105	14 71 68 41 29 25 73 3 12 15 69 91 34 171 199 50 42 117 200 153 
T	1664.780	0 66 63 65 64 62 61 60 59 58 54 55 56 57 83 82 81 87 80 88 79 77 76 75 74 103 102 101 100 99 98 96 97 104 105 107 106 112 115 118 119 122 121 120 116 113 108 109 110 124 125 166 126 111 127 128 129 130 132 131 133 134 135 136 137 138 139 142 140 143 141 144 145 146 147 148 149 151 154 155 150 204 212 205 206 207 208 213 214 215 216 219 220 210 209 211 203 221 222 223 202 201 158 157 156 159 160 161 162 164 165 173 163 172 174 175 176 178 182 185 186 187 197 198 196 195 194 192 193 191 190 189 188 49 44 43 45 47 48 46 184 183 180 181 179 177 168 170 169 167 40 39 32 31 30 33 35 37 95 93 92 86 85 84 24 23 21 20 16 17 10 8 7 6 224 225 218 217 227 226 228 229 0 
---
gr229_80_2_3_1.txt
Cost = 1580.880
D0	1575.724	20 11 90 72 25 18 23 68 85 5 12 152 19 2 94 168 53 58 33 40 172 71 28 52 34 
D1	1575.776	67 55 9 54 3 56 4 86 1 143 70 73 36 114 200 123 117 42 167 37 171 93 
D2	1575.769	51 84 89 21 78 24 69 22 170 15 169 91 95 199 166 163 153 92 38 29 35 
T	1580.880	0 229 228 226 227 217 218 225 224 6 7 8 10 17 16 13 14 26 27 30 31 32 39 41 46 184 50 48 47 45 43 44 49 188 189 190 191 193 192 194 195 196 198 197 187 186 185 183 182 178 180 181 179 177 174 175 176 165 173 164 162 161 160 159 156 157 158 201 202 223 222 221 203 211 209 210 220 219 216 215 214 213 208 207 206 205 212 204 150 155 154 151 149 148 147 146 145 144 141 140 142 139 138 137 136 135 134 133 131 132 130 129 128 127 111 126 125 124 110 109 108 113 116 120 121 122 119 118 115 112 106 107 105 104 97 96 98 99 100 101 102 103 74 75 76 77 79 88 80 87 81 82 83 57 59 60 61 62 64 65 63 66 0 
---
gr229_80_2_4_1.txt
Cost = 1511.740
D0	1510.603	55 51 95 167 84 4 40 121 20 21 36 172 53 133 3 23 166 58 200 42 
D1	1510.475	168 9 151 117 12 68 123 1 171 92 15 93 38 143 78 118 54 56 52 199 2 
D2	1510.486	67 152 169 119 19 22 163 116 34 85 99 25 5 77 138 114 155 170 154 
D3	1510.468	11 115 76 89 70 153 35 120 57 74 37 113 28 71 69 72 18 122 29 73 24 33 86 75 
T	1511.740	0 66 63 65 64 62 61 60 59 83 82 81 87 80 88 79 90 91 94 100 101 102 103 112 106 98 96 97 104 105 107 108 109 110 124 125 126 111 127 128 129 130 131 132 134 135 136 137 139 142 140 141 144 145 146 147 148 149 205 212 211 210 209 206 207 208 213 214 215 216 219 220 222 223 221 203 202 201 158 204 150 157 156 159 160 161 162 164 173 165 176 175 174 177 179 181 180 178 182 183 185 186 187 197 198 196 195 194 192 193 191 190 189 188 49 44 43 45 47 48 50 184 46 41 39 32 31 30 27 26 14 13 16 17 10 8 7 6 224 225 218 217 227 226 228 229 0 
---
gr229_80_2_5_1.txt
Cost = 1458.740
D0	1457.717	115 74 15 2 178 184 122 24 77 137 68 171 1 69 36 143 118 52 200 
D1	1457.721	67 120 22 76 93 169 86 163 151 92 9 78 26 18 40 117 37 105 154 73 
D2	1457.517	104 167 199 53 56 71 4 11 38 136 34 33 102 28 42 114 101 155 
D3	1457.787	95 121 84 133 3 75 85 21 55 89 129 113 23 119 5 72 50 111 152 168 
D4	1457.697	51 116 20 12 25 123 58 153 57 70 29 19 166 35 172 54 170 103 135 134 
T	1458.740	0 66 63 65 64 62 61 60 59 83 82 81 87 80 88 79 90 91 94 100 99 96 97 98 106 112 107 108 109 110 124 125 126 127 128 130 131 132 138 139 142 140 141 144 145 146 147 148 149 205 212 211 210 209 206 207 208 213 214 215 216 219 220 222 223 221 203 202 201 158 204 150 157 156 159 160 161 162 164 173 165 176 175 174 177 179 181 180 182 183 185 186 187 197 198 196 195 194 192 193 191 190 189 188 49 44 43 45 47 48 46 41 39 32 31 30 27 14 13 16 17 10 8 7 6 224 225 218 217 227 226 228 229 0 
---
