30-r-0-c.txt
Cost = 128.667
T0	1.222	0 5 3 22 28 27 25 14 19 0 
T1	1.199	0 2 11 1 7 16 21 0 
T2	0.821	0 29 23 12 0 
D0	1.499	13 26 18 
D1	1.495	20 8 17 
D2	1.469	6 9 15 
D3	1.447	4 24 10 30 
---
30-r-0-e.txt
Cost = 300.853
T0	1.545	0 26 5 6 7 30 14 19 0 
T1	1.670	0 2 9 4 0 
T2	1.599	0 12 24 18 15 0 
T3	1.641	0 13 25 27 1 11 16 21 0 
T4	1.487	0 10 29 23 20 0 
D0	-0.000	
D1	1.005	17 3 
D2	-0.000	
D3	1.498	22 28 8 
---
30-r-0-r.txt
Cost = 199.762
T0	1.167	0 23 20 29 0 
T1	1.620	0 12 30 5 3 22 28 27 0 
T2	1.443	0 21 16 19 14 25 26 13 10 0 
T3	1.002	0 7 1 2 24 0 
D0	1.437	18 6 4 11 
D1	1.274	17 9 8 
D2	0.257	15 
D3	0.000	
---
30-r-1-c.txt
Cost = 58.296
T0	1.363	0 13 27 30 20 5 25 23 4 29 7 24 10 2 12 0 
D0	1.499	3 11 28 15 1 22 
D1	1.496	9 14 16 26 
D2	1.482	18 17 19 
D3	1.499	21 8 6 
---
30-r-1-e.txt
Cost = 243.111
T0	1.775	0 10 14 8 9 7 29 0 
T1	1.131	0 4 23 17 5 20 0 
T2	1.665	0 3 16 26 6 1 27 0 
T3	1.798	0 13 18 19 22 30 0 
D0	0.865	11 24 
D1	1.169	15 28 
D2	-0.000	
D3	1.497	25 2 12 21 
---
30-r-1-r.txt
Cost = 164.752
T0	1.228	0 27 13 29 20 5 0 
T1	1.607	0 3 12 2 10 24 7 21 9 15 0 
T2	1.435	0 14 8 18 6 22 0 
D0	0.168	28 
D1	1.422	1 17 23 25 
D2	1.194	26 19 11 30 
D3	1.051	16 4 
---
30-r-2-c.txt
Cost = 91.570
T0	1.066	0 28 12 9 8 11 20 13 15 0 
T1	1.188	0 16 25 4 2 14 10 17 0 
D0	1.418	7 29 30 21 
D1	1.476	19 1 27 24 
D2	1.477	6 3 18 
D3	1.499	26 5 23 22 
---
30-r-2-e.txt
Cost = 235.254
T0	1.605	0 28 12 9 18 29 24 26 7 0 
T1	1.623	0 27 20 11 13 2 0 
T2	1.461	0 16 17 3 10 25 0 
T3	1.470	0 15 8 4 0 
D0	0.724	14 19 
D1	1.483	21 22 30 
D2	-0.000	
D3	1.380	5 23 1 6 
---
30-r-2-r.txt
Cost = 211.256
T0	1.599	0 26 22 1 6 19 24 0 
T1	1.396	0 28 7 23 5 4 27 0 
T2	1.349	0 16 21 30 29 0 
T3	1.223	0 25 2 14 10 17 0 
D0	1.112	13 15 12 3 18 
D1	0.976	20 11 8 9 
D2	0.000	
D3	0.000	
---
30-c-0-c.txt
Cost = 82.146
T0	1.499	0 6 14 10 12 11 16 13 1 8 4 27 29 26 2 19 0 
T1	0.538	0 24 3 22 23 0 
D0	1.192	15 9 21 
D1	1.399	20 30 28 
D2	1.381	25 17 7 
D3	0.817	5 18 
---
30-c-0-e.txt
Cost = 150.435
T0	1.272	0 20 21 22 3 23 24 0 
T1	1.488	0 28 30 29 26 27 4 8 7 11 16 1 13 14 10 12 9 5 0 
T2	1.199	0 17 18 19 2 0 
D0	1.113	15 6 
D1	0.542	25 
D2	0.000	
D3	0.000	
---
30-c-0-r.txt
Cost = 112.722
T0	0.547	0 20 23 22 3 24 0 
T1	1.010	0 9 11 16 13 1 8 4 27 26 29 30 28 10 14 6 5 0 
T2	1.393	0 19 2 17 18 0 
D0	1.442	15 7 25 12 
D1	0.285	21 
D2	0.000	
D3	0.000	
---
30-c-1-c.txt
Cost = 39.982
T0	0.879	0 9 24 5 29 27 25 11 10 2 12 23 20 4 21 0 
D0	1.479	13 8 17 22 30 
D1	1.437	18 6 14 
D2	1.497	16 1 7 15 
D3	1.448	26 19 3 28 
---
30-c-1-e.txt
Cost = 172.493
T0	1.719	0 10 2 9 13 3 17 26 24 5 29 27 28 0 
T1	1.027	0 21 8 7 4 20 23 0 
T2	1.759	0 11 15 14 16 12 0 
D0	1.381	6 1 18 
D1	0.526	22 
D2	1.066	25 19 30 
D3	-0.000	
---
30-c-1-r.txt
Cost = 61.283
T0	1.493	0 21 4 20 23 18 6 30 28 27 29 5 24 25 11 10 2 9 0 
D0	1.287	8 7 3 14 
D1	1.479	13 15 16 17 
D2	1.351	19 1 22 26 
D3	0.285	12 
---
30-c-2-c.txt
Cost = 77.000
T0	1.498	0 27 28 29 20 21 3 26 5 23 0 
T1	0.368	0 7 2 17 0 
D0	1.440	11 1 14 9 6 
D1	1.488	8 4 25 30 
D2	1.438	19 18 16 24 13 
D3	1.489	15 12 22 10 
---
30-c-2-e.txt
Cost = 166.820
T0	1.381	0 13 10 15 14 11 8 12 1 9 18 17 2 19 0 
T1	1.418	0 26 5 20 30 6 29 28 27 25 23 24 0 
T2	1.599	0 22 4 7 0 
D0	0.492	21 
D1	-0.000	
D2	-0.000	
D3	1.086	16 3 
---
30-c-2-r.txt
Cost = 88.814
T0	1.209	0 5 26 3 21 20 29 28 27 0 
T1	1.013	0 7 19 10 2 17 18 9 1 12 8 11 16 0 
D0	1.072	23 14 
D1	1.477	25 15 22 
D2	0.688	6 13 
D3	1.337	30 24 4 
---
30-rc-0-c.txt
Cost = 81.060
T0	1.162	0 17 25 12 23 11 19 28 22 21 16 24 0 
T1	0.855	0 2 6 30 29 20 0 
D0	1.453	4 3 1 8 
D1	1.385	26 5 15 7 14 
D2	1.409	13 27 9 10 
D3	0.261	18 
---
30-rc-0-e.txt
Cost = 181.894
T0	1.648	0 17 25 1 4 12 26 0 
T1	1.699	0 2 24 13 22 28 19 11 23 21 16 29 0 
T2	1.413	0 14 8 7 3 20 30 6 0 
D0	0.815	5 10 
D1	0.925	18 9 
D2	1.089	27 15 
D3	0.000	
---
30-rc-0-r.txt
Cost = 146.728
T0	0.980	0 28 11 19 27 18 0 
T1	1.394	0 6 2 14 8 7 3 29 20 0 
T2	1.491	0 5 13 22 16 21 23 1 4 12 25 17 24 0 
D0	1.065	30 15 26 
D1	0.000	
D2	-0.000	
D3	0.437	9 10 
---
30-rc-1-c.txt
Cost = 56.483
T0	1.322	0 12 3 14 15 11 5 10 22 21 24 16 20 23 19 0 
D0	1.474	7 27 9 
D1	1.439	13 1 8 18 26 
D2	1.388	29 28 6 
D3	1.456	2 25 30 4 17 
---
30-rc-1-e.txt
Cost = 176.572
T0	1.333	0 13 1 30 6 28 27 26 18 4 29 0 
T1	1.659	0 8 17 25 3 14 15 11 5 12 0 
T2	1.689	0 16 20 23 10 9 22 21 24 7 0 
D0	-0.000	
D1	-0.000	
D2	0.873	19 2 
D3	0.000	
---
30-rc-1-r.txt
Cost = 97.915
T0	0.960	0 1 22 23 20 16 19 13 0 
T1	1.465	0 8 25 3 9 5 12 0 
D0	1.473	6 30 29 2 14 
D1	1.473	21 15 7 
D2	1.492	24 4 27 28 26 18 
D3	1.387	11 17 10 
---
30-rc-2-c.txt
Cost = 77.001
T0	0.687	0 19 21 16 22 23 0 
T1	1.190	0 6 15 2 10 7 26 30 28 18 29 27 0 
D0	1.357	20 8 5 
D1	1.384	24 12 25 3 
D2	1.397	17 13 14 11 
D3	1.363	9 4 1 
---
30-rc-2-e.txt
Cost = 187.176
T0	1.683	0 5 29 28 18 12 30 26 7 10 2 13 14 6 0 
T1	1.696	0 22 16 21 19 25 17 3 8 1 11 4 20 0 
T2	1.589	0 23 15 9 0 
D0	0.709	24 27 
D1	0.000	
D2	0.000	
D3	0.000	
---
30-rc-2-r.txt
Cost = 94.209
T0	1.423	0 19 21 16 22 23 9 20 24 4 11 25 17 0 
T1	0.907	0 10 13 2 15 0 
D0	1.489	26 3 18 28 
D1	1.457	30 8 5 
D2	1.365	14 6 27 12 
D3	1.405	7 1 29 
---
50-r-0-c.txt
Cost = 161.134
T0	1.381	0 9 46 10 45 31 5 48 21 26 16 18 49 3 28 11 0 
T1	1.435	0 1 15 41 24 6 37 32 39 50 34 19 0 
T2	1.293	0 23 17 40 4 36 44 30 14 35 0 
D0	1.473	42 8 38 29 
D1	1.481	2 27 20 33 
D2	1.461	13 43 25 
D3	1.467	12 22 7 47 
---
50-r-0-e.txt
Cost = 310.502
T0	1.434	0 42 19 20 27 39 32 50 34 25 15 0 
T1	1.784	0 33 13 43 8 7 1 0 
T2	1.866	0 38 47 18 49 3 28 11 14 0 
T3	1.857	0 46 10 45 16 26 21 48 31 5 9 0 
T4	1.222	0 30 44 12 29 40 4 2 35 0 
D0	1.386	22 23 41 
D1	1.449	24 6 37 
D2	0.812	36 17 
D3	0.000	
---
50-r-0-r.txt
Cost = 246.529
T0	1.447	0 25 19 34 50 27 43 8 13 0 
T1	1.820	0 38 2 17 23 18 49 3 28 11 42 0 
T2	1.811	0 7 33 5 31 48 21 26 16 45 10 46 9 0 
T3	1.360	0 4 40 29 12 44 36 0 
D0	1.352	32 37 14 15 30 
D1	1.363	47 39 1 35 
D2	1.251	41 24 6 20 
D3	0.267	22 
---
50-r-1-c.txt
Cost = 177.211
T0	1.285	0 48 22 21 39 50 34 15 24 38 5 0 
T1	0.715	0 32 44 29 35 4 43 46 0 
T2	1.226	0 42 27 40 17 37 1 10 30 3 0 
T3	1.309	0 20 9 11 18 26 45 25 2 8 0 
D0	1.500	28 49 36 13 41 
D1	1.494	33 12 14 
D2	1.475	23 31 19 
D3	1.498	16 47 7 6 
---
50-r-1-e.txt
Cost = 216.972
T0	1.975	0 49 43 32 8 2 9 11 18 26 45 25 16 44 29 35 12 33 0 
T1	1.961	0 27 23 30 10 14 15 34 24 41 13 3 6 42 0 
T2	1.719	0 46 20 31 39 50 21 22 38 5 48 0 
D0	0.762	40 19 
D1	1.305	17 36 7 
D2	1.452	1 47 4 37 
D3	0.540	28 
---
50-r-1-r.txt
Cost = 228.114
T0	1.523	0 4 33 12 36 35 29 44 16 25 45 9 2 0 
T1	1.617	0 46 42 27 40 17 37 23 6 49 43 0 
T2	1.615	0 41 30 10 1 14 13 48 0 
T3	1.165	0 5 38 24 15 34 21 22 20 0 
D0	1.380	39 50 28 
D1	1.380	11 31 26 3 
D2	1.498	8 18 7 47 
D3	0.837	32 19 
---
50-r-2-c.txt
Cost = 181.494
T0	1.284	0 44 46 31 38 36 26 22 39 37 0 
T1	1.380	0 50 29 9 23 30 42 6 4 25 47 8 5 40 0 
T2	0.488	0 1 33 0 
T3	1.497	0 24 10 18 2 12 35 27 16 34 13 19 0 
D0	1.488	45 21 14 
D1	1.497	11 49 41 7 
D2	1.497	48 17 3 20 
D3	1.492	32 28 15 43 
---
50-r-2-e.txt
Cost = 375.048
T0	1.645	0 50 37 39 22 26 20 9 0 
T1	1.667	0 11 1 21 10 24 28 17 0 
T2	1.585	0 42 6 4 31 48 7 25 23 30 0 
T3	1.589	0 33 32 41 19 13 29 0 
T4	1.725	0 5 40 44 36 38 46 43 14 49 47 8 0 
T5	1.727	0 2 18 45 15 34 3 0 
D0	-0.000	
D1	0.507	35 
D2	0.500	12 
D3	0.949	27 16 
---
50-r-2-r.txt
Cost = 313.324
T0	1.493	0 33 39 26 41 0 
T1	1.477	0 37 36 22 20 0 
T2	1.087	0 17 28 24 21 45 18 10 1 11 0 
T3	1.273	0 19 5 47 25 4 6 42 30 8 50 0 
T4	1.389	0 43 31 48 7 14 49 0 
T5	1.515	0 40 44 46 38 32 0 
D0	1.487	12 27 16 35 
D1	0.738	23 29 
D2	0.873	15 9 2 
D3	0.714	13 3 34 
---
50-c-0-c.txt
Cost = 89.038
T0	1.062	0 16 14 41 18 15 8 44 39 38 7 40 46 43 45 17 0 
T1	1.153	0 5 30 31 28 33 32 27 12 1 10 49 9 50 48 24 25 4 21 26 22 0 
D0	1.485	13 29 36 47 
D1	0.787	35 20 3 
D2	1.329	2 42 19 11 
D3	1.389	23 37 6 34 
---
50-c-0-e.txt
Cost = 182.913
T0	1.497	0 23 25 4 21 5 31 30 28 33 32 29 12 1 10 49 9 50 48 0 
T1	1.385	0 43 8 44 15 18 34 36 41 14 2 0 
T2	1.291	0 35 20 3 19 6 37 16 17 0 
T3	0.575	0 38 40 7 39 0 
D0	1.443	47 42 11 
D1	-0.000	
D2	1.280	46 45 24 22 
D3	1.288	27 26 13 
---
50-c-0-r.txt
Cost = 112.175
T0	1.428	0 22 16 14 41 18 42 40 7 38 39 46 44 8 43 15 2 17 26 27 0 
T1	1.467	0 5 30 31 20 3 19 37 6 34 36 35 28 33 32 0 
D0	-0.000	
D1	1.494	4 13 24 23 25 49 29 
D2	0.134	48 
D3	1.393	21 11 10 9 1 47 12 50 45 
---
50-c-1-c.txt
Cost = 81.758
T0	0.675	0 19 25 26 27 3 20 23 24 29 22 0 
T1	1.317	0 43 49 44 36 41 32 34 39 7 1 8 6 37 40 4 35 33 47 45 48 50 5 0 
D0	1.498	31 12 15 18 38 
D1	1.499	9 46 13 17 30 
D2	1.443	28 11 42 10 
D3	1.420	21 14 16 2 
---
50-c-1-e.txt
Cost = 133.572
T0	1.318	0 15 12 17 9 10 2 16 11 25 23 20 3 27 21 22 29 24 19 18 13 0 
T1	1.405	0 46 50 5 43 49 48 45 47 30 42 33 35 4 40 37 31 34 32 41 38 0 
T2	0.746	0 7 1 6 8 0 
D0	1.103	28 26 
D1	-0.000	
D2	0.977	44 36 
D3	0.834	14 39 
---
50-c-1-r.txt
Cost = 148.860
T0	1.649	0 48 45 47 33 35 4 40 37 7 39 38 15 12 0 
T1	0.505	0 19 24 23 20 3 22 0 
T2	1.647	0 30 42 6 8 1 34 32 41 36 44 49 43 5 50 0 
D0	0.926	31 46 
D1	1.395	25 26 27 11 14 
D2	1.470	16 2 10 9 28 
D3	1.488	29 13 17 18 21 
---
50-c-2-c.txt
Cost = 77.156
T0	1.253	0 38 47 45 46 41 7 40 44 4 18 19 17 37 42 43 39 35 32 33 27 6 31 30 34 36 0 
T1	0.617	0 11 12 10 1 21 24 5 22 23 20 0 
D0	1.447	28 13 25 8 
D1	1.487	50 14 49 
D2	1.487	48 16 9 2 
D3	1.418	26 29 15 3 
---
50-c-2-e.txt
Cost = 214.245
T0	1.679	0 1 11 10 12 13 14 2 30 27 35 0 
T1	1.677	0 39 47 26 25 50 24 5 22 23 20 36 0 
T2	0.567	0 37 7 41 46 45 40 42 43 29 0 
T3	1.675	0 19 18 8 49 9 21 28 0 
D0	-0.000	
D1	1.413	17 48 6 31 33 
D2	0.760	44 38 
D3	1.427	4 16 32 15 3 34 
---
50-c-2-r.txt
Cost = 136.507
T0	1.447	0 9 1 11 10 12 36 34 31 30 33 27 6 39 47 0 
T1	0.583	0 44 4 18 19 17 37 7 41 46 45 0 
T2	1.424	0 48 26 20 21 2 14 13 24 22 5 38 0 
D0	1.491	28 25 43 3 
D1	1.468	32 40 8 50 
D2	1.400	29 16 49 
D3	1.481	35 23 42 15 
---
50-rc-0-c.txt
Cost = 116.805
T0	1.432	0 4 16 37 27 39 6 28 42 44 43 46 40 45 41 12 2 33 36 35 30 26 34 13 0 
T1	1.493	0 15 23 17 47 9 8 24 29 50 22 49 0 
D0	1.500	20 32 10 18 
D1	1.493	48 19 5 7 21 
D2	1.481	3 31 38 1 
D3	1.467	14 11 25 
---
50-rc-0-e.txt
Cost = 242.025
T0	1.675	0 38 21 14 23 17 20 16 37 27 6 10 0 
T1	1.385	0 43 28 2 12 18 11 5 41 45 40 46 42 44 0 
T2	1.643	0 15 22 50 24 29 48 47 1 9 8 49 0 
T3	1.675	0 7 19 34 26 30 25 31 36 33 32 0 
D0	0.000	
D1	1.414	39 13 35 
D2	0.000	
D3	0.940	3 4 
---
50-rc-0-r.txt
Cost = 217.866
T0	1.365	0 6 21 23 14 39 0 
T1	1.295	0 19 34 26 30 31 25 12 41 28 0 
T2	1.421	0 3 8 9 1 47 29 24 50 22 49 7 0 
T3	1.579	0 27 37 16 20 17 48 15 0 
D0	0.832	11 43 45 
D1	1.490	5 46 13 10 38 
D2	1.284	35 2 33 42 44 36 
D3	1.116	32 18 4 40 
---
50-rc-1-c.txt
Cost = 110.442
T0	1.483	0 37 41 9 16 3 20 2 14 34 31 32 26 35 33 48 49 30 47 50 17 46 36 42 27 40 0 
T1	1.271	0 21 8 6 28 15 44 43 29 45 38 0 
D0	1.493	39 1 5 24 
D1	1.488	13 23 11 12 
D2	1.499	25 4 19 
D3	1.493	18 10 7 22 
---
50-rc-1-e.txt
Cost = 201.615
T0	1.665	0 38 10 5 18 25 16 3 34 31 32 26 33 48 0 
T1	1.708	0 30 40 45 44 15 28 24 12 43 29 0 
T2	1.874	0 47 37 27 42 36 39 11 8 6 21 22 1 46 17 50 49 0 
D0	0.841	41 19 
D1	1.457	23 7 13 2 
D2	1.253	4 9 14 
D3	0.483	20 35 
---
50-rc-1-r.txt
Cost = 173.160
T0	1.537	0 3 16 9 24 28 44 45 38 41 0 
T1	1.319	0 13 19 4 7 46 17 50 47 30 49 48 33 26 32 31 34 0 
T2	1.608	0 37 42 36 39 11 8 6 15 43 29 10 0 
D0	1.112	35 14 5 
D1	0.892	1 40 25 
D2	1.457	20 2 27 12 21 
D3	1.319	23 22 18 
---
50-rc-2-c.txt
Cost = 129.653
T0	1.301	0 36 3 44 41 43 29 39 40 10 9 1 7 17 22 28 0 
T1	1.489	0 6 16 14 35 32 26 33 34 30 45 47 46 31 49 48 0 
T2	0.477	0 38 8 11 37 0 
D0	1.493	2 19 4 21 
D1	1.499	20 25 13 23 
D2	1.491	18 24 50 12 
D3	1.499	42 15 5 27 
---
50-rc-2-e.txt
Cost = 383.488
T0	1.384	0 25 3 9 1 44 41 43 29 39 40 0 
T1	1.226	0 19 0 
T2	1.496	0 7 2 17 20 28 38 0 
T3	1.468	0 36 5 21 13 11 8 0 
T4	1.538	0 4 15 27 31 49 48 0 
T5	1.500	0 18 42 24 22 37 0 
T6	1.495	0 50 47 46 12 23 30 45 6 0 
D0	1.454	10 33 32 
D1	-0.000	
D2	1.478	26 14 35 
D3	0.787	16 34 
---
50-rc-2-r.txt
Cost = 186.311
T0	1.282	0 6 18 25 40 39 43 29 10 41 44 42 0 
T1	1.488	0 36 28 37 22 7 2 1 9 3 0 
T2	0.524	0 4 47 46 0 
T3	1.489	0 38 8 11 24 21 13 5 19 49 31 50 0 
D0	1.487	15 17 32 
D1	1.487	34 23 27 20 
D2	1.406	14 16 26 35 
D3	1.400	48 45 30 33 12 
---
100-r-0-c.txt
Cost = 272.769
T0	1.714	0 22 54 35 99 88 12 60 29 25 48 13 58 59 75 79 98 82 10 97 18 8 0 
T1	1.742	0 7 16 100 51 27 52 83 17 81 40 23 96 80 4 34 43 45 49 0 
T2	1.943	0 9 85 26 68 41 44 72 78 36 71 11 55 39 61 5 77 95 50 47 93 76 91 33 31 65 0 
T3	1.555	0 90 37 89 21 73 92 84 56 57 1 30 0 
D0	1.999	66 3 74 94 19 
D1	1.997	15 6 38 53 32 
D2	1.999	2 46 67 14 24 70 
D3	2.000	20 28 87 62 86 
D4	2.000	42 64 69 63 
---
100-r-0-e.txt
Cost = 506.068
T0	2.304	0 3 37 97 10 94 87 25 29 13 58 62 98 82 2 89 21 74 0 
T1	2.310	0 68 41 44 36 50 5 61 96 80 4 23 81 40 27 51 100 53 16 90 0 
T2	2.300	0 22 54 38 60 12 88 99 35 86 18 8 9 85 0 
T3	2.147	0 73 1 19 79 75 59 48 63 28 57 56 84 92 0 
T4	1.958	0 26 65 31 33 15 45 43 34 55 39 77 95 11 71 0 
T5	2.301	0 20 46 49 32 70 83 17 52 64 67 14 7 0 
D0	1.748	6 47 72 66 
D1	1.759	24 78 76 42 
D2	1.967	69 30 91 93 
D3	-0.000	
D4	0.000	
---
100-r-0-r.txt
Cost = 325.287
T0	1.343	0 66 42 5 95 77 39 55 11 71 36 44 72 78 50 47 93 76 0 
T1	1.631	0 1 57 56 84 92 73 21 37 90 91 0 
T2	1.947	0 46 30 19 28 63 29 25 87 38 54 67 14 16 32 33 0 
T3	1.989	0 65 7 22 35 99 88 12 60 48 13 58 62 59 75 79 98 82 10 97 18 8 49 31 0 
T4	1.445	0 45 43 96 80 23 81 17 83 52 27 51 100 0 
D0	1.995	69 61 9 86 53 
D1	1.998	94 24 74 26 15 
D2	1.988	70 40 68 85 
D3	1.994	89 34 64 3 
D4	1.993	2 6 20 41 4 
---
100-r-1-c.txt
Cost = 302.457
T0	1.946	0 3 62 63 71 84 67 46 98 75 16 2 83 95 78 4 49 72 19 24 0 
T1	1.999	0 100 82 61 21 38 7 80 9 29 76 26 17 96 53 45 86 81 90 20 23 50 15 0 
T2	1.933	0 74 56 99 73 31 5 30 44 64 43 41 91 25 22 12 65 88 0 
T3	1.871	0 77 52 1 27 89 68 93 28 8 14 55 11 57 10 85 92 18 34 47 0 
D0	1.987	48 36 60 58 33 
D1	1.968	87 32 13 69 97 
D2	1.987	79 51 70 66 
D3	1.983	39 40 35 37 
D4	1.998	94 54 6 59 42 
---
100-r-1-e.txt
Cost = 470.058
T0	2.089	0 85 69 61 38 7 80 9 29 76 35 17 26 20 77 42 34 0 
T1	1.973	0 49 78 83 16 75 98 46 67 84 71 91 41 43 25 22 12 65 59 4 0 
T2	2.118	0 24 62 3 88 6 5 31 73 99 56 74 47 0 
T3	2.225	0 58 100 23 90 81 45 53 96 86 97 54 50 15 0 
T4	2.274	0 19 39 13 87 48 94 64 44 30 37 70 32 63 60 66 51 0 
T5	1.749	0 18 92 33 21 28 79 27 1 52 89 68 93 8 14 11 57 10 0 
D0	1.030	2 55 
D1	1.764	36 95 40 72 
D2	0.546	82 
D3	-0.000	
D4	-0.000	
---
100-r-1-r.txt
Cost = 350.971
T0	2.011	0 90 81 97 56 6 5 31 73 99 86 20 82 0 
T1	1.929	0 63 62 3 88 65 12 22 25 43 41 91 71 84 67 46 98 75 16 59 13 60 0 
T2	2.044	0 100 50 87 48 94 64 44 30 37 70 74 54 23 77 0 
T3	1.388	0 61 38 7 80 9 29 45 53 96 17 26 1 27 79 28 21 0 
T4	1.718	0 33 24 19 2 83 95 78 4 49 72 66 34 58 42 0 
D0	1.686	40 36 89 85 10 
D1	1.053	39 69 55 
D2	1.929	51 8 18 35 14 
D3	1.936	47 93 68 15 32 
D4	1.809	57 76 52 92 11 
---
100-r-2-c.txt
Cost = 284.769
T0	1.985	0 42 36 98 45 11 2 88 12 65 7 48 24 77 37 53 34 6 90 66 0 
T1	1.771	0 25 16 86 27 83 4 54 91 46 62 13 50 33 59 81 41 97 3 70 75 20 0 
T2	1.637	0 89 19 94 47 39 18 44 93 52 95 68 49 21 8 40 72 38 76 64 56 9 32 0 
T3	1.884	0 17 87 92 5 57 23 1 43 63 69 60 71 85 55 14 0 
D0	1.977	100 10 29 61 22 
D1	1.987	26 80 67 35 15 
D2	1.968	96 31 79 28 
D3	1.982	82 74 78 99 51 
D4	1.997	30 58 84 73 
---
100-r-2-e.txt
Cost = 435.911
T0	2.459	0 39 94 61 56 9 55 85 71 60 28 58 57 92 5 87 17 24 34 42 25 16 0 
T1	1.815	0 93 95 79 96 31 82 30 26 99 76 38 72 8 21 18 44 0 
T2	2.454	0 89 14 84 35 23 1 43 63 69 74 80 22 64 51 78 47 0 
T3	2.281	0 54 4 67 70 36 15 98 45 11 88 2 73 97 3 41 81 59 46 62 13 0 
T4	2.459	0 86 27 75 20 10 29 12 65 7 48 53 37 77 6 90 66 0 
D0	0.450	33 
D1	1.219	19 68 83 
D2	-0.000	
D3	1.636	91 49 50 52 
D4	1.579	40 100 32 
---
100-r-2-r.txt
Cost = 320.982
T0	1.231	0 56 64 76 72 8 21 49 93 52 95 44 18 78 94 19 0 
T1	1.614	0 9 55 85 71 60 35 23 43 1 57 84 32 0 
T2	1.679	0 92 5 87 17 24 7 48 53 37 77 34 6 90 66 14 0 
T3	1.969	0 42 10 29 12 65 2 88 11 45 98 73 36 20 75 0 
T4	1.753	0 89 25 16 86 27 83 4 54 91 46 62 13 50 33 81 41 97 3 0 
D0	1.969	70 26 63 80 96 
D1	1.952	67 39 31 69 99 
D2	1.891	15 47 82 22 61 79 
D3	1.994	59 38 68 100 51 
D4	1.992	40 30 58 74 28 
---
100-c-0-c.txt
Cost = 218.587
T0	1.589	0 37 56 48 50 3 65 39 51 54 46 53 32 72 68 76 69 73 4 66 67 75 71 74 60 33 58 45 34 38 52 47 43 0 
T1	1.972	0 86 80 99 92 100 97 91 93 96 6 95 98 94 90 20 21 17 12 1 18 19 25 24 13 23 9 16 14 15 8 10 7 36 63 59 0 
T2	1.997	0 2 29 28 31 27 85 79 82 81 5 89 78 83 88 0 
D0	1.858	42 87 55 77 
D1	1.552	22 57 62 64 
D2	1.992	26 41 40 70 
D3	1.865	35 11 84 61 
D4	1.222	44 30 49 
---
100-c-0-e.txt
Cost = 315.837
T0	2.209	0 99 64 36 42 32 72 40 35 44 41 39 51 37 0 
T1	1.987	0 98 94 95 6 96 93 91 97 26 22 14 20 21 17 12 16 1 18 19 25 24 13 23 9 15 7 8 10 11 53 46 54 65 56 48 3 50 38 34 45 58 55 60 33 49 52 47 59 62 0 
T2	2.192	0 63 61 57 74 71 75 67 66 4 73 69 76 68 70 43 77 0 
T3	1.968	0 83 82 79 85 30 2 29 28 31 27 86 80 78 88 0 
D0	0.464	100 
D1	1.609	84 89 5 81 92 90 87 
D2	0.000	
D3	0.000	
D4	0.000	
---
100-c-0-r.txt
Cost = 252.389
T0	1.920	0 20 21 17 12 16 1 18 19 25 24 13 23 9 8 7 11 32 72 68 76 70 67 75 66 4 73 69 71 74 60 33 58 45 34 38 50 3 48 56 65 39 51 54 46 53 36 64 0 
T1	0.612	0 99 100 91 96 95 6 98 94 93 97 92 0 
T2	1.994	0 62 30 85 79 82 84 81 5 89 80 86 77 0 
T3	1.995	0 37 47 52 49 61 2 29 28 31 27 43 59 63 0 
D0	0.363	41 
D1	1.988	15 35 55 57 42 
D2	1.287	10 26 14 44 
D3	1.260	78 90 40 
D4	1.655	87 83 88 22 
---
100-c-1-c.txt
Cost = 154.613
T0	2.000	0 98 82 87 77 94 95 5 88 81 72 92 99 73 74 20 24 28 2 22 21 27 26 23 16 13 19 9 1 18 8 17 12 0 
T1	1.983	0 29 54 52 36 58 85 90 68 64 51 32 49 43 61 66 70 63 69 56 60 4 62 57 50 35 30 38 40 3 47 48 59 33 37 71 39 41 42 31 44 45 46 34 55 65 67 84 53 89 80 93 76 79 97 91 75 83 86 0 
D0	1.960	100 11 10 6 7 
D1	-0.000	
D2	1.831	96 25 14 15 
D3	0.596	78 
D4	-0.000	
---
100-c-1-e.txt
Cost = 222.153
T0	2.039	0 12 17 10 25 27 26 11 13 19 9 1 18 8 6 0 
T1	1.528	0 54 36 58 85 90 68 79 76 93 80 72 81 88 5 95 94 77 87 82 100 78 96 73 74 84 55 34 46 45 44 31 42 41 39 71 37 33 59 48 47 3 40 38 30 35 50 57 62 60 4 56 69 63 70 66 0 
T2	2.057	0 7 24 20 21 22 2 28 23 16 14 15 0 
D0	1.931	83 75 86 89 
D1	1.892	67 51 97 91 
D2	1.989	64 53 32 99 
D3	1.887	98 52 92 49 
D4	1.678	61 65 43 29 
---
100-c-1-r.txt
Cost = 110.946
T0	1.265	0 83 75 90 85 68 64 51 32 49 43 61 70 63 69 56 60 4 62 57 50 35 30 38 40 3 47 48 59 33 37 71 39 41 42 31 44 45 46 34 55 84 53 89 76 93 79 88 95 5 94 77 87 86 0 
T1	1.386	0 12 17 10 25 26 27 21 22 28 2 20 24 23 16 11 13 19 9 1 18 8 0 
D0	1.996	36 58 74 92 67 
D1	1.747	6 98 54 29 52 
D2	1.964	78 99 65 80 66 
D3	1.907	14 15 72 96 81 
D4	1.987	91 97 82 100 73 7 
---
100-c-2-c.txt
Cost = 108.346
T0	1.945	0 94 36 21 29 45 24 42 2 34 25 23 49 48 44 32 39 33 26 30 27 28 37 63 58 55 69 54 61 3 73 71 62 53 67 59 68 75 72 66 57 65 60 74 64 56 70 31 43 51 46 52 47 77 96 92 85 91 80 4 93 84 81 86 97 78 88 98 76 0 
T1	0.733	0 10 6 5 14 13 8 1 9 18 19 15 12 17 16 0 
D0	1.798	79 22 87 35 89 
D1	1.874	41 100 38 99 40 
D2	-0.000	
D3	1.866	7 83 20 82 11 
D4	1.084	50 95 90 
---
100-c-2-e.txt
Cost = 118.713
T0	0.964	0 17 12 15 11 13 8 1 19 18 9 14 5 6 10 16 0 
T1	1.925	0 35 20 21 29 45 42 24 2 34 23 25 49 48 44 39 30 28 63 69 54 56 64 74 60 65 57 66 72 75 3 61 73 71 62 53 67 68 59 90 82 87 100 79 98 76 88 78 97 86 81 84 93 4 80 91 85 92 96 77 47 52 22 50 36 38 0 
D0	1.549	51 55 27 33 
D1	1.673	94 32 99 43 
D2	1.880	58 41 70 40 
D3	1.857	83 89 31 26 
D4	1.697	7 46 37 95 
---
100-c-2-r.txt
Cost = 86.285
T0	1.997	0 16 11 13 8 1 19 18 9 14 5 6 10 95 97 78 88 76 98 79 91 80 4 85 92 93 84 81 86 96 77 47 52 46 51 43 31 56 64 74 60 65 57 66 72 75 59 68 67 53 62 71 73 3 61 54 69 55 58 63 28 30 39 32 44 48 49 23 25 34 2 42 24 45 29 36 0 
D0	1.861	21 70 33 83 
D1	1.939	12 27 17 94 89 40 
D2	1.958	87 7 99 20 90 
D3	1.731	38 37 15 50 22 
D4	1.998	26 41 35 82 100 
---
100-rc-0-c.txt
Cost = 252.371
T0	1.667	0 26 1 67 65 54 60 56 64 31 4 2 10 69 66 62 51 55 63 61 58 44 11 68 33 0 
T1	1.461	0 18 13 5 35 17 21 20 30 46 38 23 0 
T2	1.924	0 24 3 16 40 79 76 72 70 71 84 78 52 86 73 75 85 77 34 74 14 15 19 32 0 
T3	1.358	0 6 91 95 90 92 36 37 100 88 94 98 93 53 87 89 96 28 0 
D0	1.994	39 49 47 41 50 8 
D1	1.996	45 7 9 43 99 
D2	1.992	59 83 12 42 
D3	1.996	57 82 97 48 
D4	1.998	29 81 27 25 80 22 
---
100-rc-0-e.txt
Cost = 472.946
T0	2.208	0 48 67 1 80 82 86 52 78 84 71 70 73 75 85 77 34 74 14 83 33 65 59 12 9 0 
T1	1.972	0 42 98 53 93 95 91 99 45 8 35 17 5 29 92 100 88 94 0 
T2	2.095	0 4 2 10 69 19 15 68 11 32 44 58 61 54 60 51 55 63 57 62 66 56 64 31 0 
T3	1.917	0 24 3 16 40 43 38 23 18 0 
T4	2.205	0 28 6 13 50 46 30 20 21 47 90 87 89 96 97 0 
T5	2.189	0 49 41 79 76 72 81 22 25 27 26 39 7 0 
D0	0.789	37 36 
D1	-0.000	
D2	0.000	
D3	0.000	
D4	0.000	
---
100-rc-0-r.txt
Cost = 337.615
T0	1.439	0 91 95 90 93 53 87 89 98 94 88 100 37 36 47 99 0 
T1	1.739	0 45 8 5 35 17 50 13 6 28 7 0 
T2	1.667	0 56 60 51 55 63 61 58 32 11 68 33 83 74 14 15 19 69 2 64 0 
T3	1.974	0 27 25 3 16 30 20 21 46 38 24 49 26 0 
T4	1.942	0 81 41 43 40 79 76 34 77 85 75 73 72 70 71 84 78 52 86 82 80 1 0 
D0	1.991	23 18 44 66 57 62 
D1	0.578	29 
D2	1.737	4 22 9 48 12 59 
D3	1.479	31 42 92 54 
D4	1.790	39 96 97 10 67 65 
---
100-rc-1-c.txt
Cost = 276.780
T0	1.691	0 16 73 67 75 72 68 71 53 69 10 40 6 81 88 82 83 55 84 87 90 30 47 98 95 94 97 0 
T1	1.862	0 7 18 49 3 33 50 35 21 13 23 56 91 22 93 0 
T2	1.574	0 70 32 31 46 34 20 24 36 5 59 51 60 43 0 
T3	1.937	0 92 9 42 77 78 80 79 54 37 15 25 64 65 52 61 63 62 41 44 39 96 0 
D0	1.985	86 74 76 19 1 
D1	1.982	17 4 11 89 38 
D2	1.993	2 66 58 28 48 
D3	1.933	12 45 85 29 
D4	1.986	57 99 26 14 8 100 27 
---
100-rc-1-e.txt
Cost = 432.443
T0	2.447	0 11 60 47 76 6 40 10 31 12 5 45 0 
T1	1.898	0 36 24 20 34 46 26 2 74 69 53 71 68 72 75 67 73 70 32 14 58 59 51 0 
T2	2.400	0 97 99 57 100 4 15 37 54 79 80 78 77 27 38 19 8 28 18 0 
T3	2.315	0 49 3 21 13 23 42 9 92 22 56 91 93 1 35 50 7 0 
T4	2.445	0 94 95 96 98 39 44 41 25 64 65 52 61 63 62 66 81 88 86 82 83 55 84 87 30 90 85 89 29 17 16 43 0 
D0	-0.000	
D1	-0.000	
D2	0.828	33 48 
D3	-0.000	
D4	-0.000	
---
100-rc-1-r.txt
Cost = 423.333
T0	2.132	0 28 1 48 35 50 33 3 21 13 43 0 
T1	2.086	0 91 56 23 42 9 92 22 93 0 
T2	2.149	0 70 16 97 99 57 4 38 27 77 54 79 80 78 19 100 95 94 96 67 73 0 
T3	1.371	0 59 51 45 49 18 7 60 58 14 32 0 
T4	2.143	0 2 69 30 86 81 66 62 63 61 52 65 64 25 37 15 41 88 82 83 55 84 87 47 71 53 68 72 75 74 0 
T5	1.157	0 26 6 40 10 0 
D0	1.111	90 39 46 
D1	1.717	12 29 85 8 
D2	1.669	11 34 89 20 
D3	1.601	17 36 31 98 
D4	1.762	76 5 44 24 
---
100-rc-2-c.txt
Cost = 260.449
T0	1.745	0 46 38 44 21 33 5 43 93 98 92 100 90 95 56 97 88 99 59 89 0 
T1	1.700	0 34 87 86 55 85 39 20 17 25 23 48 49 26 30 0 
T2	1.377	0 10 27 50 45 29 12 36 19 70 52 69 13 4 16 0 
T3	1.807	0 81 62 67 61 58 57 51 60 66 63 64 42 76 73 77 22 18 79 74 53 72 78 80 75 47 28 83 84 54 0 
D0	1.982	9 68 94 65 
D1	1.975	71 82 15 31 37 
D2	1.952	96 11 40 91 8 
D3	1.976	1 14 6 41 24 32 
D4	1.989	3 7 2 35 
---
100-rc-2-e.txt
Cost = 358.240
T0	2.419	0 21 33 5 93 98 92 100 90 95 88 99 97 56 96 62 67 61 58 57 51 60 66 63 64 73 80 72 78 53 74 79 75 6 2 47 28 91 14 46 0 
T1	2.429	0 44 11 43 94 59 89 65 42 76 77 22 18 15 40 82 81 38 0 
T2	2.299	0 27 10 1 16 30 32 37 34 31 17 20 39 85 55 86 87 24 8 83 84 54 0 
T3	2.303	0 12 7 70 52 71 3 35 49 48 25 23 26 41 4 13 45 0 
D0	1.884	29 19 68 9 
D1	1.337	50 36 69 
D2	0.000	
D3	0.000	
D4	0.000	
---
100-rc-2-r.txt
Cost = 331.967
T0	1.921	0 26 48 49 35 3 68 52 70 69 9 71 41 16 30 84 83 0 
T1	1.061	0 28 75 79 74 78 72 53 77 22 18 6 47 0 
T2	1.871	0 42 64 66 60 51 57 58 61 67 100 90 95 92 98 93 43 33 21 44 38 14 0 
T3	1.906	0 40 82 81 46 50 45 29 12 36 19 7 13 4 27 10 54 0 
T4	1.883	0 8 34 23 25 17 31 20 39 85 55 86 87 15 2 0 
D0	1.948	97 1 80 32 24 
D1	1.838	94 65 99 37 63 59 
D2	0.666	5 96 
D3	0.236	62 
D4	1.868	88 11 56 89 91 73 76 
---
200-r-0-c.txt
Cost = 430.420
T0	1.852	0 32 38 142 184 101 171 197 46 148 49 43 198 124 22 61 116 123 40 129 27 153 65 37 44 99 6 68 57 185 178 137 0 
T1	1.873	0 90 192 174 127 162 109 52 39 33 144 147 149 173 172 98 15 183 133 59 53 179 42 60 167 150 50 0 
T2	1.970	0 100 9 122 56 75 161 16 160 95 106 180 143 10 3 54 158 155 28 177 145 72 175 117 41 152 130 26 131 190 188 70 30 156 0 
T3	1.993	0 113 164 58 67 119 193 134 115 84 51 141 36 78 103 151 196 77 2 79 154 128 92 18 182 23 19 102 71 195 83 0 
T4	1.721	0 165 29 82 166 120 168 125 114 118 163 110 64 80 76 21 87 24 138 25 132 181 140 191 159 88 81 48 66 146 0 
T5	1.749	0 157 135 17 111 1 4 96 108 112 13 11 139 170 5 186 91 104 86 93 200 12 45 126 189 0 
D0	1.993	89 176 194 14 69 
D1	1.994	62 187 55 34 31 
D2	1.996	107 74 47 199 73 94 
D3	1.997	35 121 85 63 97 20 
D4	1.995	8 169 136 105 7 
---
200-r-0-e.txt
Cost = 728.000
T0	2.326	0 81 48 176 35 166 82 50 150 73 131 26 152 145 177 10 155 180 106 95 160 16 161 75 63 100 0 
T1	2.321	0 43 61 116 123 40 129 91 186 5 170 139 11 13 112 108 96 4 69 17 135 178 142 184 101 171 159 0 
T2	2.322	0 136 137 38 189 157 107 8 78 103 196 151 79 7 1 111 34 126 31 185 197 181 0 
T3	1.291	0 76 163 144 172 183 15 98 173 149 147 64 24 0 
T4	1.833	0 198 124 22 37 65 27 104 86 93 200 85 97 47 45 12 169 99 6 68 148 46 140 132 0 
T5	2.285	0 88 32 164 58 67 119 193 134 36 141 154 128 2 77 92 51 115 84 102 71 121 113 0 
T6	2.324	0 146 94 165 156 30 70 188 190 20 130 28 158 3 72 41 14 167 192 120 199 105 74 0 
T7	2.269	0 25 138 21 80 118 52 109 133 59 53 179 175 54 117 194 42 60 127 174 168 125 114 110 87 0 
T8	2.307	0 62 66 29 90 9 122 56 187 55 143 18 182 19 23 83 195 0 
D0	1.758	153 162 89 
D1	-0.000	
D2	1.865	33 49 39 44 
D3	-0.000	
D4	0.586	191 57 
---
200-r-0-r.txt
Cost = 528.290
T0	2.348	0 192 150 30 75 56 195 83 134 36 78 151 196 103 108 7 1 111 34 126 178 185 101 176 0 
T1	2.348	0 82 29 165 90 113 100 164 58 67 119 193 107 8 112 13 11 139 170 5 96 4 69 17 135 157 189 38 32 94 166 0 
T2	2.320	0 168 125 114 81 48 62 171 197 46 148 37 44 65 153 27 129 40 123 116 61 22 124 198 43 49 140 191 181 132 25 138 24 87 21 76 80 110 163 118 0 
T3	2.342	0 131 26 130 95 106 180 55 187 23 19 182 18 143 10 3 54 158 155 28 177 145 72 194 53 59 133 109 0 
T4	2.350	0 174 73 70 188 190 160 16 161 115 92 128 77 2 79 154 141 51 84 102 71 121 63 122 9 156 50 0 
T5	2.060	0 199 66 136 57 68 6 99 169 93 86 104 91 186 200 85 97 47 45 12 89 31 142 184 146 35 120 0 
D0	1.999	64 162 183 98 39 173 33 88 
D1	1.999	20 159 42 152 
D2	1.996	175 117 137 167 
D3	1.999	52 15 74 179 14 144 172 
D4	1.999	127 147 60 149 41 105 
---
200-r-1-c.txt
Cost = 434.657
T0	1.998	0 96 104 59 115 36 149 176 159 81 146 120 44 99 133 30 194 42 102 38 64 142 11 163 130 101 179 14 143 47 162 189 0 
T1	1.954	0 19 25 198 45 87 93 92 84 154 131 62 82 21 147 193 192 195 85 117 109 199 73 52 10 196 128 172 34 27 140 126 136 0 
T2	1.967	0 89 145 123 77 20 110 191 185 186 169 17 177 48 3 95 29 125 88 164 173 72 139 155 15 54 80 106 26 153 74 0 
T3	1.792	0 65 57 129 152 91 41 60 144 86 49 157 32 31 116 97 1 122 151 121 138 46 75 28 161 90 9 39 56 35 137 0 
T4	1.982	0 103 67 23 43 94 183 7 127 53 55 135 16 166 134 150 141 178 4 112 200 61 58 107 51 24 0 
T5	1.581	0 78 158 167 175 168 156 170 113 148 180 160 66 187 114 190 171 69 37 79 8 100 12 105 98 5 181 0 
D0	1.964	119 182 111 50 6 
D1	1.998	108 124 13 33 18 71 
D2	1.974	2 132 68 165 184 
D3	1.999	118 197 174 76 63 
D4	1.966	83 70 188 40 22 
---
200-r-1-e.txt
Cost = 601.059
T0	2.433	0 158 33 76 182 132 115 59 162 47 153 68 119 22 71 184 169 177 48 17 110 191 185 186 20 77 188 35 137 0 
T1	2.444	0 37 128 196 10 84 154 131 23 129 165 50 55 166 16 157 49 86 144 60 41 91 152 57 118 45 87 93 140 34 172 100 79 0 
T2	1.706	0 171 190 114 187 175 168 176 149 36 63 14 179 101 130 163 70 11 142 64 38 102 194 42 0 
T3	2.387	0 78 89 145 123 18 13 197 56 39 9 90 161 28 174 75 46 138 121 1 97 122 151 40 61 58 107 103 19 5 98 0 
T4	1.945	0 69 111 199 109 117 82 62 183 7 127 53 94 43 21 193 192 85 195 0 
T5	2.447	0 167 6 96 189 74 26 106 80 54 155 139 72 173 164 88 125 29 95 3 15 124 143 2 159 156 170 113 180 66 0 
T6	2.450	0 8 12 105 27 126 136 25 67 65 108 200 112 32 135 150 134 141 178 4 116 31 83 51 24 181 0 
D0	0.000	
D1	1.912	133 160 73 147 148 
D2	1.857	198 81 120 52 
D3	1.974	92 104 99 146 
D4	1.035	30 44 
---
200-r-1-r.txt
Cost = 481.828
T0	2.308	0 45 87 93 140 34 172 100 8 175 168 156 44 133 30 194 42 120 146 176 115 59 104 189 89 137 51 0 
T1	2.282	0 67 25 136 5 98 27 105 12 158 167 171 190 114 187 66 160 180 148 113 170 99 81 159 149 36 33 76 182 132 6 181 19 103 65 0 
T2	2.261	0 41 108 83 58 56 39 186 185 191 110 17 177 48 3 95 29 125 88 164 173 72 139 155 15 54 71 184 169 20 77 188 197 35 107 0 
T3	2.169	0 127 7 183 62 82 21 147 193 192 195 85 117 109 199 111 69 79 37 128 73 52 10 84 154 131 23 57 152 0 
T4	2.243	0 145 74 153 162 47 2 143 14 63 179 101 130 64 102 38 142 11 163 70 124 26 106 80 22 119 68 123 18 13 0 
T5	1.269	0 60 144 86 200 61 40 90 161 28 75 46 138 121 151 122 1 97 116 4 112 0 
D0	1.995	9 150 78 134 
D1	1.992	49 94 118 24 96 166 
D2	1.980	55 43 141 31 165 129 135 
D3	1.991	32 50 198 92 16 126 
D4	1.983	91 178 53 157 196 174 
---
200-r-2-c.txt
Cost = 446.155
T0	1.989	0 37 100 110 16 10 98 171 198 186 59 182 40 129 67 19 195 85 180 45 169 162 148 95 145 102 48 135 97 91 50 172 177 0 
T1	1.907	0 56 60 24 22 151 185 30 136 115 114 79 71 34 183 107 93 191 4 134 88 13 20 167 119 32 199 15 49 80 142 51 192 121 0 
T2	1.966	0 123 168 46 44 86 105 23 184 149 181 133 55 163 137 28 189 144 9 101 173 130 64 36 200 68 52 0 
T3	1.764	0 157 47 8 176 160 81 106 69 54 154 63 62 120 17 38 104 5 139 61 25 26 147 0 
T4	1.965	0 150 122 33 2 72 92 116 158 73 29 132 12 78 188 152 170 31 127 41 87 113 70 187 58 82 131 39 0 
T5	1.989	0 18 143 124 140 109 83 75 53 161 194 35 164 126 174 128 175 42 111 159 196 14 96 108 21 155 166 43 141 197 1 77 7 153 190 0 
D0	1.996	165 112 125 65 117 89 
D1	1.969	3 118 178 90 6 
D2	1.991	103 179 156 57 66 
D3	1.990	27 138 74 11 94 
D4	1.996	146 193 76 84 99 
---
200-r-2-e.txt
Cost = 606.045
T0	2.399	0 40 98 95 145 47 8 176 139 5 104 81 160 89 138 193 6 179 45 85 195 180 162 129 182 0 
T1	2.381	0 198 171 110 118 94 157 11 199 20 13 88 134 4 79 71 34 183 107 191 93 156 80 147 178 50 91 100 122 0 
T2	2.395	0 58 187 155 108 103 197 1 18 3 64 144 9 189 137 28 83 109 75 140 124 143 27 196 141 43 166 21 70 90 2 0 
T3	2.181	0 123 56 60 24 22 146 151 185 30 136 115 114 44 86 105 66 46 168 68 52 190 165 117 39 33 0 
T4	2.409	0 82 65 7 77 36 130 173 101 149 181 133 163 55 184 23 125 99 200 153 74 131 0 
T5	1.780	0 116 132 78 188 152 128 174 126 175 164 35 194 53 161 159 111 42 14 96 112 31 127 41 87 113 72 0 
T6	2.403	0 59 186 16 97 135 48 57 26 25 61 32 119 38 17 54 69 106 63 154 62 120 167 15 49 76 142 51 192 121 172 37 150 0 
D0	1.996	12 148 170 29 
D1	0.000	
D2	0.893	102 10 
D3	1.965	177 169 73 158 
D4	1.789	67 19 84 92 
---
200-r-2-r.txt
Cost = 497.716
T0	1.803	0 97 16 171 198 186 59 122 131 82 58 90 2 33 182 129 40 98 10 118 0 
T1	2.130	0 68 52 153 7 43 103 14 96 112 127 31 170 12 132 158 116 72 113 87 41 108 21 155 166 65 117 37 172 121 0 
T2	1.317	0 49 15 119 32 38 17 54 69 106 62 63 154 4 79 71 34 183 107 191 93 156 0 
T3	2.103	0 51 56 60 44 86 105 173 101 9 144 189 28 137 163 55 133 181 149 184 23 115 136 30 185 151 146 76 80 0 
T4	2.140	0 178 50 91 100 150 74 187 70 92 73 29 78 188 152 128 175 42 196 141 197 77 165 190 177 147 0 
T5	1.991	0 192 99 83 109 140 143 124 75 53 161 194 126 174 164 35 111 159 27 1 18 3 36 200 66 46 168 123 142 0 
T6	1.470	0 157 94 135 102 95 148 162 67 19 195 85 180 45 169 179 6 193 145 48 57 26 11 0 
D0	2.000	8 114 13 120 47 5 
D1	1.997	199 176 130 89 88 138 
D2	1.990	64 160 167 39 61 
D3	1.999	20 110 22 25 139 84 
D4	1.985	24 134 125 81 104 
---
200-c-0-c.txt
Cost = 234.405
T0	1.487	0 146 143 150 105 96 91 98 92 89 101 88 4 97 104 87 99 94 95 103 90 100 102 93 134 142 145 133 147 138 136 148 6 140 149 141 131 132 137 0 
T1	1.861	0 37 49 50 55 47 41 38 54 33 51 45 57 42 48 34 46 35 53 58 2 56 60 40 43 59 62 44 52 36 107 121 123 130 117 125 129 108 128 115 112 124 122 5 113 111 110 119 116 114 109 118 126 127 106 120 174 188 177 195 196 181 8 199 176 192 189 193 190 182 187 200 179 191 183 194 185 0 
T2	1.519	0 153 17 15 16 32 25 1 30 28 12 10 21 31 9 167 171 173 152 155 165 162 161 159 154 164 157 163 156 7 158 168 151 170 166 169 11 13 14 27 22 19 172 160 0 
T3	1.070	0 81 82 68 84 80 74 63 71 73 78 77 83 85 65 3 75 72 70 64 79 66 76 0 
D0	1.948	23 20 18 184 
D1	1.969	39 139 180 178 175 
D2	1.988	61 24 197 198 
D3	1.941	135 29 69 26 
D4	1.990	144 67 186 86 
---
200-c-0-e.txt
Cost = 442.743
T0	2.097	0 55 50 184 178 199 189 193 190 182 187 200 179 191 197 152 171 173 155 165 162 161 154 194 180 52 61 0 
T1	2.093	0 59 44 62 198 186 177 174 188 195 196 181 8 192 176 183 159 164 157 163 156 7 158 168 151 169 11 13 14 27 22 29 19 172 185 175 43 40 60 56 2 58 53 35 46 34 48 42 0 
T2	1.381	0 109 118 114 116 119 110 111 113 5 122 124 112 115 128 108 129 117 125 123 130 126 127 106 120 107 0 
T3	2.061	0 86 68 82 81 66 143 150 102 100 90 139 144 137 69 79 72 75 3 65 74 63 71 0 
T4	2.095	0 80 84 70 64 76 146 149 141 140 6 148 136 138 147 105 96 91 98 92 89 101 88 4 97 104 87 99 94 95 103 93 134 142 145 133 135 131 132 67 83 77 85 73 0 
T5	2.044	0 39 37 49 153 17 15 16 32 25 1 30 28 12 10 20 166 170 167 9 31 21 24 18 26 23 160 47 41 38 54 33 51 45 57 0 
D0	0.000	
D1	-0.000	
D2	1.119	121 36 78 
D3	0.000	
D4	-0.000	
---
200-c-0-r.txt
Cost = 270.756
T0	1.929	0 47 41 38 54 33 39 76 66 67 69 78 73 71 63 74 80 84 65 85 83 77 72 75 3 70 64 79 81 82 68 86 57 45 51 48 34 46 35 53 58 2 56 60 40 43 59 62 44 52 175 0 
T1	1.573	0 194 183 191 179 200 187 182 190 193 189 192 176 199 181 8 196 195 177 188 174 120 106 127 126 118 109 114 116 119 110 111 113 5 122 124 112 115 128 108 129 125 117 130 123 121 107 198 184 178 180 185 0 
T2	1.416	0 144 137 135 131 132 141 148 136 6 140 149 146 143 150 138 147 133 145 142 134 139 0 
T3	1.998	0 159 154 164 157 163 156 7 168 170 166 9 20 13 19 27 14 10 12 28 30 25 32 16 15 100 102 90 103 95 94 99 87 104 97 4 88 101 89 92 98 91 96 105 93 0 
D0	1.983	23 151 11 169 172 18 173 36 
D1	1.992	158 29 1 162 165 31 171 50 
D2	1.990	26 24 37 42 161 152 
D3	1.872	22 21 155 61 167 186 
D4	1.688	17 197 55 160 153 49 
---
200-c-1-c.txt
Cost = 225.547
T0	1.837	0 103 104 107 86 117 122 102 4 95 92 110 109 87 94 118 127 85 90 119 115 121 116 126 124 105 120 88 123 108 112 114 106 91 96 76 71 68 80 78 77 72 81 3 79 74 84 75 82 73 69 70 83 99 93 101 0 
T1	1.907	0 22 20 38 33 26 37 36 9 29 32 34 16 15 7 31 27 18 17 13 10 1 24 21 30 14 25 23 12 35 19 28 139 142 149 137 131 148 138 140 151 129 5 143 135 128 146 150 133 141 130 136 132 134 0 
T2	1.994	0 113 190 180 53 51 50 55 60 47 62 61 59 52 2 41 67 54 44 48 63 56 57 66 64 40 65 45 58 43 42 49 46 158 177 191 173 185 176 192 169 159 161 152 181 165 179 196 175 195 6 193 154 171 163 157 167 168 170 182 186 164 194 174 187 197 155 0 
D0	1.956	178 166 183 198 145 111 
D1	1.573	199 189 156 160 188 125 
D2	1.997	200 8 89 39 11 
D3	1.827	184 162 144 147 100 
D4	1.290	172 153 98 97 
---
200-c-1-e.txt
Cost = 461.567
T0	2.093	0 83 34 15 16 70 69 73 82 75 84 74 79 3 81 72 77 78 80 68 76 96 0 
T1	2.037	0 123 101 22 20 33 12 35 11 18 27 17 13 10 1 24 21 30 14 25 23 26 37 36 9 31 7 29 32 8 39 99 98 97 0 
T2	2.097	0 91 38 19 28 147 142 128 135 143 146 144 134 89 93 106 0 
T3	1.781	0 112 118 94 92 95 4 102 122 117 86 119 115 113 190 153 198 160 156 200 163 157 167 168 182 170 175 196 195 6 171 154 193 179 165 181 192 176 185 173 159 169 152 161 162 172 178 164 186 194 174 187 188 155 197 199 184 189 166 183 180 125 111 121 116 90 127 85 105 120 88 0 
T4	2.085	0 114 87 109 110 107 104 103 145 138 148 140 139 131 137 149 129 5 150 133 151 141 130 136 132 100 108 0 
T5	1.979	0 64 66 56 48 44 54 67 41 2 52 59 61 62 47 60 55 50 53 126 71 0 
D0	1.530	158 40 43 
D1	1.968	51 58 63 46 
D2	1.958	124 191 177 42 
D3	1.933	57 49 65 45 
D4	-0.000	
---
200-c-1-r.txt
Cost = 239.911
T0	1.828	0 22 20 38 33 23 26 37 36 9 29 7 31 27 17 18 13 10 1 24 30 14 25 21 12 35 19 28 139 131 148 140 138 145 136 132 134 144 130 141 151 133 150 146 5 129 143 135 128 137 149 142 147 0 
T1	1.947	0 96 91 97 123 120 88 46 49 42 43 58 45 65 40 64 66 57 56 63 48 44 54 67 41 2 52 59 61 62 47 60 55 50 51 53 126 85 127 118 94 92 4 102 122 117 95 110 87 109 114 112 108 106 93 99 0 
T2	1.587	0 89 101 103 104 107 86 119 90 115 116 121 111 125 180 183 166 160 156 200 163 157 167 168 182 170 175 196 195 6 171 154 193 179 165 181 192 176 185 173 159 169 152 161 162 172 178 164 186 194 174 187 197 155 153 190 113 0 
T3	0.718	0 83 73 75 84 74 79 3 78 80 77 72 81 82 69 70 0 
D0	1.990	71 39 158 11 
D1	1.988	68 15 191 8 
D2	1.997	105 177 189 188 
D3	1.964	100 76 34 32 184 
D4	1.987	198 16 199 124 98 
---
200-c-2-c.txt
Cost = 263.261
T0	1.103	0 177 180 176 179 188 192 194 186 167 187 172 196 199 168 7 197 195 198 170 174 171 183 182 185 190 189 0 
T1	1.994	0 193 181 178 166 173 169 146 142 127 128 143 126 135 123 132 125 137 120 140 5 122 129 133 121 139 134 145 138 147 130 144 141 148 136 131 151 156 149 153 6 160 161 150 165 159 154 152 0 
T2	1.653	0 109 107 103 119 117 101 111 118 115 102 104 114 4 116 112 113 99 108 105 100 110 70 60 74 57 73 66 50 72 65 49 75 51 48 2 47 64 56 55 68 53 69 58 44 67 62 54 63 45 0 
T3	1.955	0 91 78 92 81 77 93 88 80 95 76 85 98 89 84 3 87 79 82 94 83 97 90 96 27 13 11 36 18 30 26 35 8 29 19 33 12 37 22 1 32 14 20 9 21 25 34 40 10 42 41 24 23 15 31 38 16 39 0 
D0	1.985	106 46 200 71 
D1	1.986	43 162 124 164 
D2	1.976	157 191 155 59 
D3	1.995	184 28 61 17 175 
D4	1.921	52 163 158 86 
---
200-c-2-e.txt
Cost = 486.050
T0	2.309	0 59 71 53 69 58 62 177 180 176 191 174 127 143 126 133 137 120 125 132 144 141 148 164 162 0 
T1	2.309	0 61 63 54 175 184 200 124 146 122 134 145 130 123 135 128 157 0 
T2	1.440	0 30 29 19 33 37 22 1 10 42 41 24 23 91 78 92 81 77 93 88 80 95 98 85 76 89 84 3 87 79 82 94 83 97 28 40 32 21 25 9 20 36 0 
T3	2.133	0 43 68 55 47 2 48 56 64 44 110 100 112 113 114 4 102 104 116 101 111 118 115 103 109 181 167 187 172 196 186 194 192 188 179 198 183 166 178 119 117 67 72 50 65 75 51 49 66 73 52 0 
T4	2.309	0 74 57 46 106 193 199 168 7 197 195 170 171 142 121 129 140 5 138 147 139 169 173 182 185 190 189 107 99 108 105 60 26 0 
T5	2.309	0 35 158 6 153 149 156 151 131 136 155 150 161 160 165 159 154 152 163 31 38 8 18 0 
D0	1.950	70 96 11 90 39 
D1	1.971	86 14 34 15 27 13 45 
D2	-0.000	
D3	0.606	17 16 
D4	0.265	12 
---
200-c-2-r.txt
Cost = 322.605
T0	1.537	0 157 164 153 149 6 154 159 165 150 161 160 156 151 131 136 148 141 144 130 147 138 145 134 122 129 133 140 5 120 137 125 132 123 135 126 143 121 146 169 173 182 185 167 187 172 196 199 168 7 197 195 198 179 176 0 
T1	1.940	0 39 16 38 31 15 23 24 41 42 10 40 28 86 96 27 13 34 25 9 20 14 21 32 1 22 37 12 33 19 29 8 61 0 
T2	1.387	0 188 192 194 193 190 189 107 109 99 108 105 113 112 116 4 114 104 102 115 118 111 101 117 100 110 70 60 74 57 44 67 62 54 0 
T3	1.461	0 45 35 26 30 18 36 11 59 71 52 73 66 50 72 65 49 75 51 48 2 47 64 56 55 68 69 58 53 63 0 
T4	1.959	0 78 92 81 80 88 93 77 79 82 84 3 87 94 83 90 97 89 95 76 98 85 91 0 
D0	1.998	181 43 106 191 174 170 
D1	1.996	186 200 17 175 119 171 
D2	1.986	155 152 103 127 184 183 
D3	1.991	166 180 163 158 46 124 
D4	1.992	178 128 162 142 139 177 
---
200-rc-0-c.txt
Cost = 354.227
T0	1.998	0 12 125 121 115 117 116 120 123 102 122 119 118 126 3 124 97 72 11 24 79 48 39 32 164 98 170 163 161 168 105 160 165 169 162 167 2 44 63 0 
T1	1.980	0 29 55 75 41 21 194 192 107 193 200 198 189 196 190 191 18 37 92 23 57 13 197 195 31 35 50 65 0 
T2	1.727	0 173 179 106 180 186 172 182 175 184 174 34 80 81 61 27 26 53 89 7 4 43 56 52 69 112 84 62 171 0 
T3	1.604	0 73 86 78 25 95 100 87 59 83 101 110 109 113 108 54 1 70 68 71 47 90 10 111 42 20 114 8 67 185 0 
T4	1.824	0 178 177 176 181 85 187 36 158 156 154 147 153 155 141 152 138 104 145 143 144 150 148 149 146 94 151 139 142 130 135 127 88 64 16 128 82 132 131 133 136 129 103 137 134 157 14 77 140 17 58 30 188 99 93 0 
D0	1.990	183 15 49 33 45 
D1	1.946	66 9 46 19 
D2	1.906	199 91 76 166 
D3	1.996	22 6 40 5 159 74 
D4	1.955	51 28 38 96 60 
---
200-rc-0-e.txt
Cost = 575.942
T0	2.317	0 3 102 121 60 96 40 166 63 44 2 38 49 66 19 131 133 130 142 139 151 148 150 144 143 145 104 138 152 141 155 153 147 154 156 158 36 140 28 183 12 125 116 123 0 
T1	2.333	0 185 67 8 114 20 101 110 109 113 108 54 1 70 4 68 71 47 90 10 111 42 69 112 6 22 29 65 50 124 0 
T2	2.295	0 172 182 175 174 27 26 53 89 7 43 56 52 51 84 62 171 0 
T3	2.339	0 126 122 120 5 93 99 188 30 58 17 149 146 94 134 128 16 132 82 136 129 103 137 157 14 77 91 15 9 115 117 119 118 0 
T4	2.338	0 173 179 106 180 186 184 34 61 127 64 88 135 81 80 187 85 181 176 177 178 0 
T5	1.495	0 97 72 39 46 159 74 167 162 169 165 160 105 168 161 163 170 98 164 48 79 24 11 0 
T6	2.114	0 195 197 13 57 23 92 33 76 83 86 73 78 59 87 100 45 18 190 196 189 198 200 193 107 192 194 21 41 31 35 0 
D0	0.599	25 
D1	1.962	191 32 199 37 
D2	1.011	55 95 
D3	-0.000	
D4	0.420	75 
---
200-rc-0-r.txt
Cost = 484.660
T0	1.785	0 91 63 44 2 167 162 169 165 160 105 168 170 98 164 48 79 24 11 97 72 39 46 159 40 0 
T1	1.983	0 96 60 121 115 117 116 120 123 102 122 119 118 126 3 124 35 31 195 199 41 125 12 9 5 93 15 0 
T2	1.999	0 30 85 187 180 176 177 179 106 186 172 175 182 51 52 56 43 71 68 1 70 4 7 89 53 26 34 80 146 94 151 0 
T3	1.996	0 28 62 171 8 29 55 75 194 192 193 200 198 189 196 191 197 190 107 21 50 65 183 99 0 
T4	0.894	0 77 14 157 134 128 16 132 82 136 129 103 137 130 142 139 150 144 143 145 104 138 152 141 155 153 147 0 
T5	1.975	0 188 84 112 69 42 111 10 90 47 54 108 76 92 33 83 109 113 110 101 20 114 178 0 
T6	1.994	0 67 22 25 95 18 37 57 13 23 45 100 87 59 78 86 73 6 185 0 
D0	1.896	127 149 140 19 181 66 58 131 
D1	1.485	32 64 17 161 
D2	1.942	49 74 166 81 38 184 
D3	1.961	61 174 27 173 154 158 
D4	1.995	156 36 133 148 163 135 88 
---
200-rc-1-c.txt
Cost = 370.005
T0	1.963	0 20 92 74 80 12 83 52 38 61 89 71 73 37 63 57 47 24 22 188 28 1 186 9 0 
T1	1.986	0 27 54 42 41 97 8 160 152 169 156 175 167 21 185 177 166 173 170 165 172 162 182 179 79 161 184 163 176 183 103 178 181 164 180 158 130 127 136 128 143 132 159 155 148 102 139 150 151 137 141 131 149 144 145 134 133 135 154 140 168 146 153 129 87 17 0 
T2	1.987	0 65 18 94 25 76 59 157 138 171 147 174 142 88 19 44 29 115 6 117 118 125 119 113 105 101 123 109 112 126 111 106 96 99 95 108 5 121 107 116 34 124 114 53 58 120 56 90 0 
T3	1.824	0 60 194 78 31 4 36 46 13 35 33 40 67 23 75 2 50 91 191 189 200 196 104 192 198 187 0 
T4	1.789	0 14 30 10 68 100 84 55 72 3 11 26 7 45 64 81 70 0 
D0	2.000	62 32 122 43 199 
D1	1.974	66 48 193 197 195 49 
D2	1.998	190 51 77 98 69 
D3	1.982	86 82 16 110 
D4	1.988	39 93 15 85 
---
200-rc-1-e.txt
Cost = 591.575
T0	1.602	0 44 19 147 171 141 131 149 144 145 134 133 135 154 159 155 102 148 150 139 130 136 132 140 168 160 8 97 41 54 42 152 169 156 175 167 185 21 164 181 178 103 183 172 173 166 177 170 165 162 182 179 79 0 
T1	2.350	0 112 109 123 113 105 101 5 77 31 78 190 91 50 37 73 52 38 12 191 194 49 15 58 116 122 0 
T2	2.349	0 6 99 95 108 35 46 36 4 67 2 75 61 63 199 195 189 104 200 196 198 187 60 56 32 0 
T3	2.349	0 88 142 174 161 184 163 137 151 127 143 128 16 27 81 64 45 39 26 11 51 86 84 100 10 30 14 0 
T4	2.326	0 20 92 74 80 83 47 57 24 22 188 192 43 193 197 28 1 186 9 69 90 0 
T5	2.341	0 62 18 94 70 93 7 3 72 55 68 66 17 65 0 
T6	2.259	0 117 118 125 119 107 124 114 110 13 82 98 85 48 71 89 23 40 33 121 96 106 111 115 0 
D0	0.355	138 
D1	1.943	120 176 29 25 53 158 
D2	1.987	153 129 34 180 76 
D3	0.000	
D4	1.965	59 126 157 87 146 
---
200-rc-1-r.txt
Cost = 411.335
T0	1.077	0 31 67 4 36 46 13 35 108 95 99 96 106 126 112 109 123 101 105 113 125 119 107 53 0 
T1	1.879	0 60 187 198 196 200 104 189 188 22 24 57 47 12 83 52 38 61 89 71 63 73 37 48 2 50 91 190 78 0 
T2	1.946	0 16 54 27 81 64 42 41 97 8 153 146 168 140 128 143 132 136 130 127 151 137 141 131 149 144 150 139 102 148 155 159 154 135 133 145 134 129 76 25 94 65 90 0 
T3	1.813	0 58 116 34 122 29 44 19 88 142 79 179 182 162 172 165 170 173 166 177 185 21 167 175 156 169 152 160 158 180 164 181 178 103 183 176 163 184 161 174 147 171 138 157 59 87 17 0 
T4	1.993	0 70 93 45 7 26 39 68 66 92 74 28 197 0 
T5	1.947	0 69 20 14 30 10 100 84 86 51 11 3 72 55 80 1 186 9 0 
D0	1.978	33 98 40 56 6 191 
D1	1.945	82 18 15 117 124 192 43 
D2	1.942	120 62 85 5 193 110 114 
D3	1.967	77 115 118 111 194 199 
D4	1.989	49 32 23 121 195 75 
---
200-rc-2-c.txt
Cost = 372.302
T0	1.981	0 52 79 22 60 62 84 95 85 27 14 88 7 49 100 66 82 4 116 101 115 111 71 114 113 117 112 46 110 94 5 120 119 127 118 0 
T1	1.983	0 32 139 140 136 130 131 134 153 154 17 184 159 59 24 144 142 147 148 104 149 151 143 145 150 165 162 63 166 167 106 160 168 161 163 164 37 44 77 18 74 26 45 2 0 
T2	1.993	0 83 65 178 170 176 107 175 180 174 179 171 36 25 87 70 43 35 28 55 97 23 96 3 78 29 0 
T3	1.975	0 141 40 57 10 42 8 61 21 90 75 76 41 56 58 64 47 13 11 199 109 200 196 198 122 126 125 121 102 124 0 
T4	1.681	0 72 123 155 86 98 93 73 50 156 157 105 129 128 103 132 138 135 12 137 152 92 146 33 31 191 189 193 194 133 186 185 182 181 108 187 183 192 195 188 190 68 15 81 69 0 
D0	1.906	6 158 16 91 177 
D1	2.000	67 80 34 20 89 
D2	1.974	51 30 9 53 19 
D3	1.955	197 169 1 39 99 
D4	2.000	54 173 38 48 172 
---
200-rc-2-e.txt
Cost = 534.453
T0	2.447	0 158 159 137 12 135 190 108 187 183 192 195 2 45 26 78 23 28 70 25 36 173 81 68 138 132 103 184 154 0 
T1	2.448	0 57 53 93 200 67 120 5 94 20 4 82 66 100 49 1 27 85 34 16 52 72 0 
T2	2.450	0 17 153 134 131 130 136 140 15 169 176 174 179 39 43 87 35 48 171 170 178 65 69 32 128 129 105 157 156 0 
T3	1.967	0 10 90 41 56 58 71 111 116 101 115 117 112 46 110 113 114 64 47 13 11 199 109 196 198 197 98 8 42 0 
T4	2.188	0 50 40 155 123 51 124 102 121 125 126 122 119 127 118 89 30 99 19 14 88 7 95 84 62 60 22 79 83 141 0 
T5	2.446	0 150 165 63 166 167 106 160 168 161 163 164 37 44 77 18 74 3 96 55 97 9 38 172 180 175 107 177 6 29 54 188 181 182 185 186 193 24 144 142 104 149 143 145 0 
D0	1.970	162 76 189 146 
D1	1.972	91 86 59 61 194 
D2	1.782	21 33 139 75 
D3	1.885	147 151 152 133 80 
D4	1.976	73 31 148 191 92 
---
200-rc-2-r.txt
Cost = 432.171
T0	2.073	0 177 29 54 188 195 192 183 187 108 190 181 182 185 186 135 12 137 184 159 158 17 153 154 105 157 156 50 57 8 42 10 53 40 141 128 129 134 131 130 103 132 138 136 140 68 15 81 176 179 0 
T1	2.298	0 170 178 52 89 5 94 110 46 112 117 115 101 116 111 71 114 113 47 64 56 58 11 13 199 109 196 198 197 122 126 127 125 121 102 124 118 83 65 169 180 0 
T2	2.283	0 171 30 20 4 82 66 100 49 7 1 95 62 60 22 36 25 87 70 28 39 0 
T3	2.257	0 172 38 9 23 96 3 74 18 77 44 37 164 163 161 168 160 106 167 166 63 162 165 150 145 143 151 149 104 148 147 142 144 24 59 152 92 146 33 31 189 193 194 133 2 0 
T4	2.295	0 99 120 67 200 91 41 76 75 90 21 61 73 93 98 86 155 123 72 69 6 175 107 174 0 
D0	1.997	78 16 79 55 119 173 
D1	1.999	139 84 48 88 35 
D2	1.973	80 191 34 85 
D3	1.995	45 14 32 51 
D4	1.971	26 27 19 97 43 
---
400-r-0-c.txt
Cost = 604.941
T0	2.325	0 384 229 180 368 308 66 296 360 179 4 159 39 236 72 158 14 22 68 75 348 260 111 226 307 290 143 204 320 363 315 178 198 205 343 8 268 300 148 265 399 185 191 146 122 303 24 34 266 107 149 29 248 13 119 0 
T1	1.521	0 352 354 375 170 312 100 63 129 210 341 59 28 287 225 168 356 209 252 93 339 246 126 238 94 288 365 351 77 102 291 323 280 243 163 310 0 
T2	2.481	0 46 186 44 125 242 342 112 152 264 145 362 90 133 259 38 233 327 120 51 258 177 282 222 65 317 97 37 353 208 154 136 232 11 364 277 302 366 298 105 188 19 372 203 215 211 45 96 318 83 101 64 377 23 255 316 338 3 224 359 183 41 0 
T3	2.274	0 263 319 244 113 9 261 99 2 165 278 40 85 254 174 86 199 10 328 393 371 164 114 285 295 379 116 249 70 91 357 276 294 361 247 314 355 150 400 18 5 33 398 251 306 95 161 340 381 292 213 115 153 383 380 0 
T4	2.275	0 346 349 195 27 274 20 335 42 234 56 32 194 245 231 347 78 197 189 61 289 62 172 134 48 109 227 131 330 31 173 337 304 7 147 175 167 220 273 30 281 286 58 313 57 144 207 0 
T5	2.429	0 123 394 321 104 283 53 239 140 237 166 171 299 80 284 130 256 151 47 127 250 216 270 391 103 334 275 82 218 162 184 387 241 329 240 376 74 21 25 137 217 350 12 396 301 81 206 309 386 84 124 49 297 367 196 221 60 35 272 156 89 230 117 108 16 390 0 
T6	2.429	0 92 155 228 345 69 176 374 333 388 128 141 106 98 311 293 200 269 219 392 257 55 181 369 138 169 139 332 6 79 385 157 187 373 344 50 52 382 190 331 305 336 378 324 76 182 54 135 110 395 73 262 160 0 
D0	2.487	87 118 1 325 43 17 
D1	2.499	67 26 71 15 267 235 88 
D2	2.479	326 370 202 214 223 279 
D3	2.497	271 193 201 132 253 322 212 
D4	2.489	397 36 121 192 389 358 142 
---
400-r-0-e.txt
Cost = 801.452
T0	2.497	0 240 376 74 137 367 297 49 15 132 273 220 42 234 176 333 374 322 98 311 293 200 269 219 392 257 55 181 369 138 246 339 126 238 93 193 77 102 291 323 375 354 92 195 313 108 321 0 
T1	2.497	0 235 47 127 171 2 201 358 340 161 95 158 14 370 202 320 204 363 315 178 198 205 343 118 8 268 300 148 265 399 185 191 303 122 146 1 296 66 360 308 179 4 159 39 236 72 381 292 389 261 99 166 237 216 250 0 
T2	2.499	0 275 103 391 239 212 9 67 213 115 229 180 266 34 223 96 203 19 188 105 232 11 364 277 302 366 298 372 215 24 214 368 384 153 383 244 113 140 270 0 
T3	1.942	0 329 301 396 12 131 134 172 62 289 61 189 197 128 141 106 388 78 347 231 245 194 56 32 175 147 7 337 173 84 386 309 206 81 217 25 21 218 82 184 387 0 
T4	2.145	0 142 267 230 117 27 155 43 100 312 170 87 397 252 209 356 168 225 287 28 59 341 271 63 129 210 69 345 71 228 20 274 30 281 286 58 156 89 60 221 196 162 241 0 
T5	2.500	0 104 144 346 163 243 395 110 76 182 382 52 50 344 373 187 385 157 139 169 332 79 6 94 288 365 351 54 135 280 352 57 349 16 283 53 0 
T6	2.485	0 394 123 121 253 319 326 26 192 101 64 38 233 327 120 51 258 177 282 222 317 97 37 208 154 136 353 65 211 45 318 83 149 107 29 248 13 119 380 263 17 334 0 
T7	2.371	0 207 310 160 262 73 46 186 125 44 324 336 378 242 342 112 305 190 331 152 264 145 362 90 133 36 259 377 23 255 316 338 3 224 359 183 41 390 0 
T8	2.037	0 151 299 278 40 85 254 174 88 306 22 68 75 398 33 5 18 348 260 111 143 290 307 226 400 150 355 314 357 91 70 249 116 379 295 285 164 371 393 328 0 
D0	2.493	279 109 86 294 199 256 
D1	2.500	114 304 335 247 350 
D2	2.494	10 124 35 227 325 284 
D3	2.494	276 251 167 330 31 
D4	2.500	272 165 130 361 48 80 
---
400-r-0-r.txt
Cost = 626.462
T0	2.303	0 104 2 201 254 174 86 88 251 306 22 68 75 398 33 5 18 348 260 111 226 307 290 143 118 343 198 205 8 268 300 191 303 122 146 1 296 66 360 308 179 4 159 39 236 72 381 292 9 253 121 123 394 321 0 
T1	2.480	0 195 352 163 160 41 183 359 224 3 338 46 186 44 125 255 316 192 101 64 377 23 38 259 233 327 120 51 258 177 282 222 65 317 97 37 353 208 154 136 105 188 19 211 45 318 83 149 107 34 266 26 326 13 119 380 263 346 57 349 313 0 
T2	2.003	0 281 273 220 42 56 234 176 374 333 388 106 141 128 197 189 78 347 231 245 194 32 175 147 7 289 62 172 134 109 227 131 12 396 301 81 206 309 386 84 124 49 221 60 0 
T3	2.498	0 17 99 261 389 358 340 161 95 158 14 370 202 320 204 363 315 178 185 399 148 265 302 366 277 364 11 232 298 372 203 215 96 223 24 214 29 180 368 229 384 153 115 213 67 113 244 319 390 207 144 16 108 0 
T4	2.493	0 92 354 280 243 262 73 395 110 135 54 182 76 324 336 378 242 342 112 36 133 90 362 145 264 152 331 305 190 382 52 50 344 373 187 157 385 79 6 126 238 94 288 365 351 77 102 291 323 375 27 117 0 
T5	2.310	0 267 283 53 239 140 166 165 278 40 199 361 247 314 355 150 400 116 249 70 91 357 276 285 295 379 114 164 371 294 393 328 284 130 256 151 47 127 250 216 270 391 103 334 275 241 387 184 82 218 162 240 376 74 25 21 196 0 
T6	2.221	0 156 58 286 30 274 20 228 345 69 210 129 63 271 341 59 28 287 209 356 168 225 311 98 293 200 269 219 392 257 55 181 369 138 169 139 332 246 339 93 252 397 87 312 100 43 155 230 0 
D0	2.483	310 142 237 31 71 212 330 350 
D1	2.487	299 337 85 325 322 15 217 
D2	2.452	335 137 193 171 10 367 279 
D3	2.485	272 132 167 61 297 80 173 383 
D4	2.499	248 329 235 89 35 170 304 48 
---
400-r-1-c.txt
Cost = 578.765
T0	2.401	0 164 158 301 240 129 245 31 371 90 198 344 362 249 200 203 88 44 387 117 241 252 45 133 11 250 379 376 352 149 349 297 95 343 58 135 381 113 12 268 284 333 357 140 213 209 78 294 111 176 139 207 391 100 363 1 0 
T1	2.467	0 271 336 137 396 304 116 394 246 286 227 255 204 163 86 229 47 128 157 32 41 35 108 114 115 167 54 33 293 184 340 243 24 262 192 171 146 388 375 53 80 342 110 4 130 296 258 173 247 351 366 64 278 92 281 214 66 237 49 320 0 
T2	2.333	0 205 25 328 287 153 220 283 134 94 267 280 168 166 233 112 60 26 74 347 210 384 224 385 230 265 201 84 322 372 368 55 71 273 242 316 131 191 72 14 389 313 390 269 228 369 125 299 253 68 367 225 327 306 259 81 321 0 
T3	2.394	0 132 378 364 380 43 10 143 360 161 63 248 162 266 221 382 28 195 261 180 346 142 18 231 326 318 211 303 50 148 186 383 345 308 23 101 179 136 19 34 169 339 38 126 370 244 107 147 29 354 141 138 234 109 356 338 13 358 73 0 
T4	1.717	0 323 335 260 93 122 377 144 355 87 183 67 91 263 174 361 8 175 251 123 5 359 400 165 154 353 392 310 151 121 235 22 341 223 272 57 105 182 373 0 
T5	2.143	0 315 215 76 307 178 17 7 219 217 155 160 194 276 216 16 334 181 145 282 15 97 170 59 208 46 104 257 187 311 65 348 124 118 397 277 39 236 40 82 393 106 386 61 324 319 37 20 222 75 99 70 212 279 98 27 102 289 264 0 
T6	1.579	0 305 270 256 314 291 295 127 172 152 274 56 288 83 312 399 332 89 185 292 51 103 159 238 300 96 177 275 193 398 156 30 330 21 62 232 298 189 119 85 0 
D0	2.489	2 197 52 226 395 42 317 
D1	2.490	365 48 329 218 325 202 77 196 
D2	2.496	79 337 350 9 302 331 36 
D3	2.497	285 239 206 69 6 188 3 199 
D4	2.499	254 120 190 290 150 309 374 
---
400-r-1-e.txt
Cost = 772.297
T0	2.217	0 302 150 83 288 193 398 156 30 75 222 20 17 7 219 37 319 324 160 194 276 216 16 334 48 217 64 366 247 173 258 130 4 110 342 80 53 190 52 281 214 92 278 76 307 178 99 212 70 350 21 274 69 312 0 
T1	2.497	0 135 95 199 371 188 272 335 93 122 377 144 42 180 346 142 18 231 326 318 303 211 50 148 186 383 345 308 261 196 162 248 161 360 10 43 374 323 57 105 240 129 245 325 343 58 0 
T2	2.497	0 176 295 291 314 256 329 77 189 119 264 239 396 304 116 394 286 227 255 204 79 128 157 32 41 35 108 114 115 293 33 54 167 384 210 74 26 166 168 280 267 94 246 49 289 102 298 232 395 127 209 213 0 
T3	2.387	0 305 205 271 336 2 25 197 367 68 253 299 125 369 228 269 390 14 72 242 316 131 191 107 244 147 29 354 141 138 234 218 331 109 356 338 13 254 365 132 158 285 391 333 0 
T4	2.470	0 139 207 100 363 9 202 301 373 182 378 364 380 143 266 221 6 370 126 38 339 169 34 19 136 179 101 23 195 28 382 63 309 260 223 341 22 235 121 198 90 149 349 381 0 
T5	2.119	0 357 284 113 352 376 200 362 249 203 310 392 151 361 226 317 87 355 183 67 91 263 174 8 175 251 123 5 359 400 165 154 387 117 241 133 11 250 379 12 268 140 0 
T6	2.499	0 1 164 81 321 73 358 259 306 327 225 389 313 273 71 55 368 372 322 84 201 265 230 385 224 347 60 112 233 120 134 220 283 153 287 328 137 320 315 85 270 111 0 
T7	2.432	0 78 332 185 89 96 177 393 106 82 40 236 15 282 145 181 351 296 375 388 146 171 192 340 184 243 262 24 47 229 86 163 36 66 237 215 279 98 62 290 337 152 172 294 0 
T8	1.141	0 187 311 65 118 397 124 277 39 97 170 59 208 46 257 159 103 51 292 0 
D0	1.310	56 275 238 399 
D1	2.456	300 61 31 3 45 
D2	2.127	344 206 330 155 
D3	2.400	348 27 88 297 386 
D4	2.183	104 44 252 353 
---
400-r-1-r.txt
Cost = 584.067
T0	2.039	0 127 172 152 274 56 288 83 312 399 332 185 89 51 103 159 238 300 96 177 393 106 82 40 236 97 170 59 208 46 104 257 187 311 65 348 124 118 397 277 39 282 15 334 16 216 276 155 160 194 319 324 61 386 30 156 330 290 0 
T1	2.242	0 315 320 137 336 2 25 197 367 225 327 389 313 14 72 242 316 131 191 339 38 126 370 6 382 28 162 266 221 354 29 147 244 107 141 138 234 218 331 109 356 338 13 358 73 321 81 254 365 132 205 85 77 329 0 
T2	2.499	0 256 270 305 285 158 301 373 182 378 364 380 43 10 143 360 161 248 63 196 195 261 308 23 101 179 136 169 34 19 148 186 383 345 50 211 303 318 326 231 18 142 346 180 42 144 377 122 93 260 335 272 323 57 105 240 202 0 
T3	2.439	0 189 119 264 239 396 328 287 153 220 283 68 253 299 125 369 228 390 269 273 71 55 368 372 322 84 201 265 230 385 224 384 210 347 74 26 60 112 166 233 120 267 280 168 79 204 163 286 227 255 94 134 246 394 116 304 49 289 102 298 232 395 0 
T4	2.495	0 31 371 90 198 344 362 249 200 203 88 133 376 379 250 11 45 252 241 117 387 44 353 154 392 310 151 400 165 359 5 123 251 175 8 361 174 263 91 67 183 355 87 317 226 235 121 22 341 3 188 129 245 0 
T5	2.478	0 21 75 222 20 17 7 219 217 64 366 351 247 173 258 296 130 4 110 342 80 53 375 388 146 171 192 262 24 243 340 184 293 33 54 167 115 114 108 35 41 32 157 128 47 86 229 190 52 281 214 92 278 76 307 178 99 212 279 98 62 0 
T6	0.983	0 314 295 176 111 294 209 213 78 357 333 284 268 12 113 381 135 58 343 391 207 139 1 291 0 
D0	2.499	70 223 306 363 259 302 337 66 
D1	2.479	150 193 325 271 164 100 9 237 145 
D2	2.479	275 199 27 181 297 349 149 
D3	2.498	69 292 95 398 374 36 48 
D4	2.496	352 309 350 37 215 206 140 
---
400-r-2-c.txt
Cost = 587.883
T0	2.435	0 283 380 64 134 8 279 60 67 343 307 216 106 4 25 378 236 75 262 261 133 235 219 223 263 215 290 16 186 65 348 56 394 390 31 89 63 305 275 204 392 51 272 285 110 270 233 277 171 346 202 85 127 13 29 48 38 18 382 304 121 147 113 170 0 
T1	2.471	0 253 120 336 137 176 22 99 132 281 276 212 109 81 154 300 316 318 248 98 242 353 177 395 7 356 79 44 153 104 37 19 66 331 114 181 150 12 145 178 21 195 291 237 80 260 69 265 93 173 32 141 200 207 267 309 210 156 183 328 157 375 225 182 97 246 0 
T2	2.457	0 162 185 198 203 311 135 252 76 206 345 78 360 298 131 84 329 342 269 368 34 354 398 101 310 244 36 10 190 74 201 369 119 271 158 371 146 351 372 373 205 313 323 365 125 361 96 71 230 400 58 340 14 364 324 264 0 
T3	2.315	0 302 90 159 30 136 397 77 62 396 139 376 72 40 95 124 222 174 55 226 167 103 184 320 325 166 241 289 326 168 377 87 160 126 387 88 312 359 287 28 1 23 232 327 258 92 256 70 308 306 208 213 0 
T4	1.774	0 366 247 155 180 107 280 35 3 363 52 266 259 45 193 239 11 389 251 33 370 43 255 2 46 211 240 116 288 383 317 111 284 384 91 128 278 118 292 224 94 196 117 250 61 238 322 0 
T5	1.882	0 172 24 165 169 149 27 314 315 362 59 303 112 161 338 297 144 355 274 293 192 102 379 152 175 39 220 335 47 254 189 249 68 194 399 332 339 26 282 273 295 86 17 191 257 374 0 
T6	1.947	0 358 42 214 227 321 294 138 105 367 218 143 357 286 341 122 53 337 231 349 83 179 350 344 347 100 188 197 50 217 301 393 164 296 388 334 299 9 82 221 386 0 
D0	2.488	57 49 209 319 228 6 140 243 
D1	2.472	391 130 199 268 73 229 234 
D2	2.486	333 123 15 245 163 352 142 
D3	2.419	187 5 385 381 41 
D4	2.495	151 108 129 148 115 330 54 20 
---
400-r-2-e.txt
Cost = 771.158
T0	2.438	0 383 91 52 363 268 345 206 243 340 58 400 230 71 96 361 125 365 373 205 372 351 146 371 158 41 333 28 1 312 359 287 271 119 369 201 74 190 313 323 84 131 298 360 193 239 211 240 288 0 
T1	2.498	0 191 257 362 129 336 120 170 113 147 115 236 75 133 235 219 65 394 390 204 392 51 272 171 277 233 270 110 285 275 305 63 89 31 56 348 261 262 304 121 375 225 182 245 281 276 163 112 161 273 295 282 0 
T2	2.474	0 17 61 238 209 155 247 185 198 264 70 159 30 136 397 77 62 396 139 226 55 174 326 168 377 87 160 126 387 88 130 23 232 327 258 92 256 324 203 311 135 6 280 117 292 118 123 194 0 
T3	2.492	0 332 5 128 278 224 94 196 35 107 76 252 14 364 229 381 20 184 103 167 320 325 166 241 289 95 124 222 40 376 72 385 140 90 308 306 208 213 162 0 
T4	2.454	0 315 314 27 149 169 246 380 64 134 199 8 279 60 67 343 334 388 296 164 108 349 83 179 344 350 347 100 188 197 50 217 301 393 307 216 106 4 25 378 352 97 137 176 22 99 132 151 73 303 59 26 339 0 
T5	1.585	0 175 152 331 114 181 150 178 145 21 195 291 237 80 93 265 69 318 248 98 242 353 177 395 79 356 102 355 39 254 0 
T6	1.291	0 249 116 354 34 368 310 244 36 10 329 269 342 11 389 33 43 370 46 2 284 111 317 68 399 0 
T7	2.493	0 172 322 366 358 330 302 57 391 42 214 227 386 221 82 321 148 105 367 218 143 357 286 341 122 53 337 231 234 49 15 138 294 299 9 54 319 283 253 24 165 374 86 189 0 
T8	2.500	0 47 335 297 274 293 187 81 109 157 328 183 156 210 382 18 263 223 186 16 215 290 346 202 85 127 13 29 48 38 309 267 207 200 228 141 32 173 260 316 104 37 44 192 144 220 0 
D0	2.492	153 3 251 142 78 
D1	2.315	379 12 19 101 384 
D2	2.013	45 338 180 266 212 
D3	1.678	259 398 250 255 
D4	2.092	7 66 300 154 
---
400-r-2-r.txt
Cost = 692.908
T0	2.391	0 40 222 174 166 325 320 130 23 232 327 333 41 158 371 146 351 372 205 373 365 323 131 298 84 329 310 244 36 10 190 313 74 201 369 119 271 287 359 387 126 160 87 168 377 95 124 0 
T1	2.634	0 143 15 388 334 343 67 8 352 113 147 115 121 156 210 309 267 228 93 265 80 237 291 195 21 178 145 242 353 318 260 69 173 32 141 200 207 183 328 157 375 225 182 97 170 380 64 134 199 279 60 54 9 82 294 138 0 
T2	2.649	0 140 90 306 208 213 247 155 209 238 61 374 315 73 163 7 356 79 153 104 37 19 66 331 114 181 150 12 98 248 316 300 154 187 212 245 176 137 336 120 246 283 358 330 57 148 367 0 
T3	2.583	0 49 234 296 164 393 301 217 307 216 106 4 25 378 236 75 262 304 382 18 38 48 29 13 127 85 202 346 290 16 215 263 223 261 133 235 219 186 65 348 56 394 390 204 392 51 272 270 233 277 171 110 285 275 305 63 89 188 100 347 83 0 
T4	2.545	0 72 376 139 396 62 381 256 229 58 400 230 71 96 125 361 78 360 342 269 368 34 398 101 354 240 116 288 2 255 43 370 46 211 33 251 389 11 239 193 45 259 266 268 345 206 243 340 14 364 324 70 159 0 
T5	2.639	0 218 105 321 227 214 42 391 302 162 366 322 172 253 24 165 169 149 27 314 129 151 132 99 22 281 276 81 109 395 177 44 152 175 379 102 192 293 274 355 144 297 338 161 112 303 59 362 257 191 123 250 185 308 0 
T6	2.639	0 385 397 136 30 203 311 135 252 76 107 280 35 3 363 52 91 384 284 111 317 383 5 332 399 194 68 249 189 254 39 220 335 47 339 26 282 273 295 86 17 128 278 118 292 224 94 196 117 180 6 142 198 264 357 0 
D0	2.485	50 341 226 108 197 122 337 167 
D1	2.447	55 289 258 31 1 103 
D2	2.498	241 326 221 88 77 179 299 
D3	2.500	28 286 319 92 386 344 
D4	2.494	53 312 350 20 184 231 349 
---
400-c-0-c.txt
Cost = 271.816
T0	2.001	0 377 386 394 391 398 392 396 389 385 383 393 367 363 371 361 375 9 373 369 365 12 382 390 384 35 20 216 212 47 201 214 208 206 225 218 222 215 230 210 233 10 220 227 224 226 211 223 207 229 205 232 213 234 5 235 219 236 204 237 203 231 217 221 228 31 24 61 46 70 11 17 39 33 360 32 55 67 58 37 34 19 40 59 16 1 29 66 52 50 22 45 43 51 68 38 54 57 26 13 30 56 28 63 48 49 65 25 209 44 60 200 21 53 15 69 23 64 62 42 400 27 378 359 376 372 381 399 366 36 395 374 368 387 388 0 
T1	2.360	0 142 146 144 158 123 167 121 131 139 132 129 160 154 136 145 134 152 161 3 150 164 127 140 163 124 147 156 120 137 117 155 157 141 118 90 98 84 112 111 93 130 102 75 85 96 115 73 106 88 92 82 95 2 83 87 79 108 74 89 94 105 71 91 114 113 109 97 101 80 72 104 86 107 351 340 354 338 346 339 348 358 357 8 356 349 344 342 350 347 341 345 352 343 353 355 116 138 100 133 122 151 165 149 135 128 162 125 126 168 166 0 
T2	2.490	0 284 242 280 281 283 261 267 253 247 277 278 254 249 272 243 240 268 246 263 285 273 251 248 245 259 274 270 6 257 282 260 264 250 256 269 239 275 271 255 241 252 258 292 306 304 323 298 319 301 315 310 295 318 287 294 195 337 302 308 177 321 182 314 188 299 193 194 191 176 189 184 181 174 178 4 186 187 196 179 192 183 172 197 171 190 180 199 173 175 185 169 334 309 198 312 327 293 305 303 325 296 326 313 336 288 307 332 328 329 7 331 311 286 320 290 291 322 335 333 289 317 324 297 316 0 
D0	2.497	279 262 330 266 119 380 78 
D1	2.491	81 370 276 103 99 41 379 
D2	2.479	14 143 238 364 170 300 
D3	2.474	202 153 148 110 397 18 
D4	2.490	244 159 265 362 76 77 
---
400-c-0-e.txt
Cost = 378.979
T0	2.422	0 78 379 397 36 366 399 381 359 376 367 363 393 383 385 389 396 374 368 398 392 373 9 375 361 371 369 365 12 382 390 384 35 64 23 69 15 53 21 200 60 44 209 25 65 49 48 63 28 56 30 52 66 29 1 16 43 51 68 55 32 360 33 39 46 70 11 17 14 18 168 166 146 142 143 148 99 77 0 
T1	2.480	0 242 280 281 283 261 247 277 6 270 274 245 259 257 282 260 264 250 239 275 271 255 241 244 182 314 188 299 193 194 191 176 189 184 181 174 178 4 186 187 196 179 192 183 172 197 171 190 170 180 199 173 175 185 169 334 309 198 312 327 293 305 303 325 296 326 313 336 294 195 337 302 308 177 321 300 315 301 287 318 295 310 322 335 329 328 332 307 288 7 331 311 286 320 290 291 289 333 319 298 317 324 297 316 323 304 306 292 258 252 285 248 251 273 278 253 267 266 262 0 
T2	2.498	0 364 377 386 394 391 370 362 20 216 212 47 201 214 208 206 225 218 222 202 215 230 210 233 10 220 227 224 226 211 223 207 229 205 232 213 234 5 235 219 236 204 237 203 231 217 221 228 31 24 61 58 67 37 34 19 40 59 45 22 50 13 26 57 54 38 62 42 400 27 378 372 395 41 380 387 388 0 
T3	2.316	0 351 338 346 358 348 357 8 356 349 344 342 350 347 341 345 352 343 353 355 159 138 100 133 122 151 165 149 135 119 153 126 125 162 128 147 156 120 137 117 155 150 3 152 161 134 145 154 136 164 127 140 163 124 132 129 160 158 144 123 167 121 139 131 157 141 118 93 111 112 84 98 94 105 89 74 108 79 87 83 2 95 82 88 106 73 92 85 96 115 102 75 109 113 97 114 71 91 72 80 101 103 76 0 
D0	2.448	268 246 240 272 90 81 
D1	2.462	107 265 130 276 279 
D2	2.344	116 256 104 284 110 
D3	2.448	354 340 339 269 86 
D4	2.489	243 330 263 238 249 254 
---
400-c-0-r.txt
Cost = 403.855
T0	2.087	0 18 360 33 39 70 46 58 67 37 34 19 40 59 45 16 1 29 66 52 50 22 43 51 68 38 54 57 26 13 30 56 28 63 48 49 65 25 209 44 60 24 31 228 217 231 203 237 204 236 219 235 5 213 234 232 205 229 207 223 211 226 224 227 220 10 233 210 230 215 202 222 218 225 206 208 214 201 47 212 216 200 21 53 15 69 23 64 62 42 400 27 378 367 363 393 383 385 389 396 392 373 9 375 361 371 369 365 12 382 390 384 370 394 386 391 398 368 374 395 376 359 372 381 399 366 397 379 0 
T1	2.499	0 128 147 124 129 132 139 123 167 130 102 115 96 85 87 109 113 97 110 279 258 244 182 314 188 299 193 194 191 176 189 184 181 174 4 178 186 187 196 179 192 183 172 197 171 170 190 180 199 173 175 185 169 334 309 198 312 327 293 305 166 168 0 
T2	2.411	0 135 149 120 137 117 155 157 141 93 111 112 84 73 92 82 106 88 95 2 83 79 108 74 89 105 114 71 91 72 101 78 284 265 238 280 281 283 261 267 253 278 247 277 257 6 270 274 245 259 271 275 239 260 282 264 250 256 269 255 241 252 285 248 251 273 254 249 263 246 268 240 243 272 262 266 242 77 76 103 80 104 86 94 98 90 118 100 133 122 151 165 119 0 
T3	2.158	0 125 162 156 163 127 140 164 150 3 152 161 134 145 136 154 131 121 143 330 323 304 306 292 276 300 321 177 308 302 337 195 294 336 313 326 296 325 303 289 333 291 290 320 286 311 331 7 288 307 332 328 329 335 322 310 295 318 287 315 301 319 298 317 324 297 316 142 146 144 158 160 126 153 0 
T4	1.223	0 355 345 341 347 350 340 351 354 338 346 342 344 349 8 356 357 358 339 348 352 343 0 
D0	2.459	353 388 75 20 148 
D1	2.325	41 138 380 61 364 
D2	2.475	221 14 35 362 81 
D3	2.487	36 99 159 11 55 32 
D4	2.467	387 17 116 107 377 
---
400-c-1-c.txt
Cost = 187.196
T0	2.141	0 373 385 391 380 381 333 32 384 375 325 350 364 352 83 47 27 68 76 85 74 69 25 43 19 55 82 86 49 88 66 18 87 36 33 29 78 7 79 40 53 34 81 38 54 52 14 11 37 28 65 57 24 15 26 45 51 12 13 1 17 58 30 23 31 21 5 72 84 10 61 44 39 64 46 16 48 22 60 80 56 73 8 347 361 336 360 359 399 398 377 344 386 394 358 392 343 396 379 363 389 368 374 320 349 4 397 348 383 341 371 328 357 354 334 327 337 367 390 395 346 340 353 323 370 393 365 330 372 70 319 345 339 362 318 400 382 366 324 378 332 326 351 322 331 355 376 369 329 356 338 0 
T1	2.457	0 236 257 256 222 301 292 135 109 316 265 183 300 263 216 108 139 129 99 152 161 297 254 95 92 153 187 150 143 174 148 165 123 127 167 113 98 116 192 144 149 185 184 121 104 159 89 191 163 176 102 179 131 107 141 193 2 142 96 155 125 132 173 134 180 103 177 166 119 110 154 140 136 156 172 195 117 105 201 93 247 151 94 170 106 112 162 124 100 182 138 97 122 90 137 115 164 194 118 186 120 101 243 126 169 160 91 271 171 202 181 128 188 317 114 279 145 133 306 223 168 283 312 111 246 235 196 204 226 245 252 264 302 299 198 289 189 315 293 274 208 278 203 280 178 275 285 273 211 146 197 303 231 207 296 230 220 308 213 282 158 269 233 190 313 157 259 255 175 307 239 295 262 242 229 227 219 3 298 221 258 244 206 250 241 212 215 210 234 288 266 291 217 209 276 314 205 272 260 225 228 309 267 277 311 287 304 305 251 249 290 268 224 261 281 270 200 238 147 248 284 286 218 253 0 
D0	2.487	199 130 214 35 50 
D1	2.441	240 232 20 71 42 
D2	2.402	321 41 62 310 335 
D3	2.499	75 67 294 342 77 63 
D4	2.482	237 387 59 388 9 6 
---
400-c-1-e.txt
Cost = 249.011
T0	1.265	0 393 70 319 366 324 382 400 318 362 339 345 357 354 337 367 327 334 398 399 360 359 358 392 386 394 377 344 328 371 341 383 348 397 4 349 320 374 368 389 379 396 343 381 333 380 391 32 384 375 325 350 347 8 364 352 73 56 80 22 64 39 83 47 27 68 76 85 74 69 25 43 55 82 86 49 88 24 15 26 45 51 12 13 1 58 17 30 23 31 21 5 72 84 10 61 44 57 65 46 16 48 11 37 28 66 18 87 33 36 14 52 54 38 81 390 346 340 353 0 
T1	2.486	0 323 222 301 130 311 277 287 304 305 251 249 290 268 267 309 228 225 260 272 205 314 276 209 217 291 266 288 234 210 215 212 241 250 206 244 258 298 221 3 219 227 229 242 262 295 239 307 175 255 259 313 190 157 233 269 158 282 213 230 220 308 296 207 231 303 197 146 273 211 306 133 279 145 201 93 105 117 195 151 247 122 90 164 194 115 137 97 138 182 100 124 162 112 106 170 94 172 156 136 140 154 110 119 166 177 103 180 134 173 132 125 155 96 2 142 193 141 107 131 179 102 176 163 191 89 159 104 121 184 185 149 144 192 116 98 113 167 127 123 165 148 174 143 150 187 153 92 95 254 297 161 152 99 129 139 108 216 183 300 263 265 316 109 135 292 232 373 329 331 322 332 351 326 330 365 0 
T2	2.492	0 338 388 253 218 200 238 147 248 286 284 294 240 199 237 310 160 91 169 126 243 101 120 186 118 202 171 271 181 128 188 317 114 223 168 283 312 111 246 235 196 204 226 245 252 264 302 299 198 189 289 275 285 178 280 203 278 208 274 293 315 224 261 281 270 214 256 257 236 387 370 335 0 
D0	2.500	77 9 7 336 63 53 59 
D1	2.497	385 321 71 20 40 78 29 
D2	2.492	62 378 395 342 67 6 41 
D3	2.450	356 372 42 50 79 34 75 
D4	2.486	355 361 60 19 369 363 35 376 
---
400-c-1-r.txt
Cost = 219.230
T0	2.395	0 356 329 369 376 355 381 333 32 380 391 63 384 375 325 350 364 352 83 47 27 68 76 85 74 69 6 67 62 75 41 20 9 50 59 71 77 42 35 78 7 79 40 53 34 81 38 54 52 14 36 29 33 87 18 66 19 25 43 55 82 86 49 88 28 37 11 48 16 46 65 57 24 15 51 45 26 12 13 1 17 58 30 23 31 21 5 72 84 10 61 44 39 64 22 60 80 56 73 8 347 361 336 390 395 346 340 353 323 370 387 0 
T1	2.228	0 232 292 135 109 316 265 183 263 300 108 139 129 99 152 161 297 254 95 165 148 174 143 150 153 187 123 127 167 113 98 116 192 144 149 185 184 121 104 159 89 191 163 176 102 179 131 107 141 193 2 142 96 155 125 132 173 134 180 103 177 166 119 110 154 140 136 156 172 94 170 106 112 124 162 100 182 138 97 137 115 194 164 90 122 247 151 195 117 105 93 201 145 133 306 279 114 317 188 128 181 271 171 202 118 186 120 101 243 126 169 91 160 310 235 246 111 312 283 168 223 226 245 204 252 264 302 299 198 189 289 315 293 274 208 278 203 280 178 275 285 273 211 146 197 303 231 207 296 230 220 308 213 282 158 269 233 190 157 313 259 255 175 307 239 295 262 242 229 227 3 219 298 221 258 244 206 250 241 212 215 210 234 288 266 291 217 209 276 314 205 272 260 225 228 309 267 277 287 304 305 251 249 290 268 224 261 281 270 238 200 218 256 257 236 0 
T2	0.836	0 322 331 324 366 382 400 318 362 339 345 319 70 372 337 367 327 334 354 357 328 344 386 394 377 398 399 360 359 358 392 343 396 379 389 368 374 320 383 341 371 348 349 4 397 363 378 332 351 326 0 
D0	2.410	214 147 330 373 301 130 
D1	2.341	342 385 216 365 248 
D2	2.476	222 237 92 199 294 
D3	2.381	393 335 338 388 311 286 
D4	2.480	321 253 240 284 196 
---
400-c-2-c.txt
Cost = 152.785
T0	2.483	0 257 294 349 315 338 297 332 395 357 283 242 376 270 188 142 341 161 124 386 145 216 191 134 128 179 213 183 107 171 156 117 214 229 160 232 193 131 200 221 197 135 177 182 194 187 222 125 218 113 146 92 139 223 198 228 176 220 152 189 178 164 203 196 226 99 239 133 205 227 108 114 210 137 91 172 116 104 96 236 121 169 208 144 106 165 159 140 138 103 230 94 219 173 168 202 181 127 118 90 158 224 136 167 98 141 132 123 149 207 190 162 110 130 122 153 174 204 150 97 143 231 109 234 112 225 211 100 2 154 119 235 120 217 195 212 175 93 184 102 129 238 111 180 155 88 105 166 151 209 215 115 240 89 192 163 170 206 157 237 199 233 147 126 95 268 101 250 353 307 334 289 399 277 351 308 292 385 251 360 312 371 345 287 383 255 388 252 333 392 253 291 316 330 299 272 397 398 286 346 273 400 380 302 394 278 290 352 378 275 263 274 337 382 313 322 384 326 365 248 354 359 328 260 348 387 379 298 370 336 284 293 339 276 335 362 243 271 3 324 261 254 372 368 329 321 358 296 281 325 327 279 323 381 319 342 304 259 266 374 344 269 249 244 396 369 309 256 247 390 363 317 391 355 246 285 282 364 245 265 305 377 356 280 367 314 375 288 301 350 0 
T1	1.193	0 21 45 55 8 75 10 31 7 20 28 26 29 58 71 11 62 9 5 68 67 18 78 87 83 52 57 1 59 16 64 23 4 30 43 53 66 70 49 60 36 82 40 35 48 37 27 25 38 86 80 85 15 22 24 63 47 12 41 13 73 77 6 19 84 81 79 32 74 61 76 39 14 50 56 42 69 46 0 
D0	2.494	34 340 72 258 267 262 
D1	2.490	33 318 51 361 393 389 366 
D2	2.497	17 44 331 310 300 185 295 
D3	2.489	264 65 306 311 241 373 343 347 
D4	2.455	148 201 303 186 320 54 
---
400-c-2-e.txt
Cost = 245.536
T0	1.606	0 14 50 56 42 69 21 65 44 54 17 51 58 71 11 62 9 5 68 41 13 73 77 27 25 38 86 80 85 15 22 12 47 24 63 83 52 1 59 57 16 64 23 4 30 43 53 66 87 78 18 29 26 28 20 7 31 10 75 8 70 49 60 36 82 40 35 48 37 61 76 39 0 
T1	2.401	0 361 330 316 299 272 397 398 286 274 337 382 313 322 384 326 365 248 378 275 263 400 380 302 394 278 352 290 329 368 276 335 362 243 271 324 3 261 372 254 336 370 284 293 339 358 321 296 281 325 327 279 323 381 308 351 334 307 353 357 283 242 376 270 188 142 341 199 237 157 172 91 137 210 239 133 205 227 114 108 116 104 96 236 121 169 208 144 106 165 159 140 138 103 226 99 196 203 164 178 189 152 220 176 228 198 223 139 92 146 113 218 213 183 107 171 156 117 214 232 193 160 229 130 110 131 200 222 125 187 194 182 177 135 197 221 162 190 122 153 174 207 149 123 132 118 127 202 181 173 168 230 219 94 102 184 235 211 225 100 2 119 154 120 217 195 212 175 93 90 158 224 136 167 98 141 204 150 97 143 231 109 234 112 129 238 111 180 155 88 105 166 151 209 215 115 89 192 163 240 170 206 233 147 126 95 267 268 101 250 289 399 277 292 385 251 360 312 371 345 287 273 346 252 388 255 383 333 392 253 393 340 0 
T2	2.240	0 258 320 366 314 375 367 280 356 377 305 285 246 355 391 317 363 390 247 256 309 369 396 244 249 364 282 265 245 354 359 328 260 348 387 379 298 269 344 374 266 319 342 259 304 295 395 332 297 338 315 303 306 241 124 161 386 318 216 145 191 179 128 134 185 201 148 186 300 310 349 294 331 257 350 301 389 288 343 264 373 0 
D0	2.166	291 84 72 33 
D1	1.036	81 34 
D2	2.015	262 74 6 46 
D3	2.496	67 32 19 347 79 
D4	1.691	45 311 55 
---
400-c-2-r.txt
Cost = 231.892
T0	1.383	0 311 373 320 258 361 393 340 347 262 333 392 253 291 316 330 299 272 313 382 337 397 398 286 252 388 255 383 371 312 345 287 273 346 274 263 275 394 278 400 380 302 290 352 378 248 365 326 384 322 356 280 367 314 375 288 301 350 0 
T1	1.941	0 46 69 42 56 50 14 39 76 61 74 32 6 79 84 81 19 33 34 72 9 11 62 5 68 67 18 78 87 66 53 83 52 1 59 57 16 64 23 4 43 30 86 80 85 15 22 24 63 47 12 41 13 73 77 27 25 38 82 36 40 37 48 35 60 49 70 26 28 20 7 31 8 75 10 54 44 65 0 
T2	2.472	0 257 331 391 355 246 363 390 317 247 256 309 369 396 244 249 364 282 285 377 305 265 245 354 359 328 260 348 387 379 254 372 261 324 3 271 243 362 335 276 368 329 321 358 296 281 327 325 339 293 284 336 370 298 269 344 374 266 259 304 342 319 381 279 323 360 251 385 292 308 351 277 399 289 334 307 353 250 101 268 267 95 126 147 233 199 237 157 172 116 104 96 206 170 240 163 192 89 115 215 209 151 166 105 88 155 180 111 238 129 112 234 109 231 143 97 150 204 141 98 167 136 224 158 90 93 175 212 195 217 120 2 154 119 211 225 100 235 184 102 94 219 230 168 173 181 202 127 118 132 123 149 207 174 153 122 190 162 221 197 135 177 182 194 189 152 178 164 203 196 99 226 103 138 140 159 165 106 144 208 169 121 236 108 227 114 205 133 239 210 137 91 176 220 113 198 228 223 139 92 146 218 125 187 222 200 131 110 130 229 160 193 232 214 117 156 171 107 183 213 179 128 134 191 216 145 386 124 161 341 142 188 270 376 242 283 357 395 332 338 315 349 294 0 
D0	2.474	58 45 201 310 297 
D1	2.486	366 389 343 55 148 
D2	2.194	71 51 295 185 
D3	2.487	17 29 306 300 186 
D4	2.457	264 21 303 241 318 
---
400-rc-0-c.txt
Cost = 497.904
T0	2.410	0 193 166 64 15 71 54 176 171 99 174 95 36 48 73 234 322 231 311 306 218 89 219 210 220 216 223 221 201 224 212 213 222 217 211 214 209 225 215 325 297 315 310 328 302 300 323 318 303 250 232 24 252 236 126 237 227 296 298 101 238 253 115 23 8 116 156 63 55 33 382 181 185 0 
T1	2.433	0 84 4 14 200 9 196 29 97 132 120 195 180 70 169 93 38 83 159 34 81 127 82 92 32 27 80 20 136 50 68 107 277 125 110 66 267 199 285 273 262 264 280 269 274 270 374 367 375 30 168 170 0 
T2	2.429	0 76 102 78 172 177 61 290 292 86 74 286 293 287 204 294 289 44 295 288 291 158 52 191 141 69 129 43 165 7 108 96 2 58 88 72 151 77 183 6 41 184 51 59 47 25 100 0 
T3	2.049	0 60 98 371 358 356 279 359 372 380 363 207 376 379 366 381 362 364 355 368 354 275 360 377 370 16 40 256 5 239 128 329 313 233 248 245 319 235 246 251 249 259 255 243 244 258 257 247 202 240 254 229 230 242 226 316 299 326 228 309 205 324 314 317 308 305 301 321 312 327 304 150 241 307 320 140 35 87 162 186 131 139 263 283 271 282 281 378 265 278 203 266 260 272 268 276 261 284 384 365 383 373 361 369 357 385 106 0 
T4	1.231	0 85 109 173 105 17 90 26 194 175 19 28 12 198 49 138 152 157 124 142 149 0 
T5	2.328	0 94 333 337 338 349 153 351 341 353 350 336 343 335 345 206 331 332 330 339 347 1 65 10 398 134 190 118 188 104 103 11 111 154 18 182 122 192 148 135 57 75 37 79 390 155 397 388 396 400 394 208 399 391 393 395 119 392 389 130 46 387 197 344 123 334 348 117 340 346 113 342 0 
D0	2.460	160 42 39 386 145 164 45 
D1	2.500	121 189 112 137 187 352 67 
D2	2.496	167 91 22 21 133 53 62 
D3	2.492	178 114 144 163 147 31 
D4	2.493	179 161 13 143 3 146 56 
---
400-rc-0-e.txt
Cost = 700.963
T0	2.481	0 105 71 15 181 106 371 358 369 361 367 374 270 274 260 266 203 278 265 285 277 50 136 127 82 92 32 27 80 20 68 107 112 375 30 22 98 60 42 193 85 0 
T1	2.490	0 173 64 166 33 382 385 357 356 279 359 372 360 275 354 368 362 381 366 379 376 207 380 363 373 383 365 384 269 280 273 262 264 62 145 146 81 34 159 93 38 83 163 21 137 144 161 168 170 39 26 0 
T2	2.479	0 28 12 198 187 153 351 349 341 353 350 336 343 347 335 345 206 331 332 330 339 123 344 164 45 56 147 67 143 53 96 108 7 2 58 88 72 151 77 183 6 41 184 51 31 334 348 117 340 346 113 352 338 337 179 142 138 175 0 
T3	1.661	0 190 134 398 167 197 387 46 130 389 392 119 395 393 208 394 400 396 388 397 399 391 155 390 79 182 122 192 148 135 57 75 111 11 188 0 
T4	1.794	0 90 222 217 214 211 201 221 224 212 213 223 216 209 225 215 325 297 315 310 328 302 300 323 318 303 250 254 229 230 242 226 316 299 326 228 309 205 324 314 317 308 305 301 321 312 327 304 150 241 307 329 313 233 248 245 319 235 246 251 249 259 255 243 244 258 257 247 202 240 24 232 311 306 218 89 219 48 36 0 
T5	2.483	0 19 49 100 189 133 91 13 165 43 158 52 191 141 69 129 178 59 47 25 342 333 124 157 152 0 
T6	2.484	0 109 176 121 114 253 238 101 298 256 40 16 370 377 355 364 284 261 276 268 272 378 281 282 271 283 199 267 66 110 125 263 139 131 186 162 87 35 140 320 5 239 128 296 227 237 126 252 236 322 234 73 95 174 99 171 17 194 0 
T7	2.496	0 149 185 84 4 14 200 9 196 29 97 132 120 195 180 169 70 292 86 74 286 294 204 287 293 288 291 295 44 289 290 61 177 172 78 102 76 3 94 160 0 
D0	2.450	210 154 8 118 63 
D1	2.357	231 220 65 54 115 
D2	2.341	10 18 116 103 156 
D3	2.411	37 386 55 104 23 
D4	0.576	1 
---
400-rc-0-r.txt
Cost = 604.382
T0	2.495	0 121 63 55 279 359 372 380 363 207 376 379 366 381 383 373 361 367 374 270 274 280 269 273 262 264 62 145 146 83 38 93 169 70 292 86 74 286 288 291 295 287 293 204 294 289 290 120 195 180 196 9 200 14 4 144 161 30 371 358 357 0 
T1	1.977	0 95 174 99 171 17 194 175 19 28 12 190 118 103 11 111 154 18 182 122 192 148 135 57 75 37 390 79 130 389 392 119 395 393 391 399 208 394 400 396 388 397 155 386 398 134 0 
T2	2.498	0 181 98 60 170 100 189 133 91 13 178 108 96 2 58 88 141 69 72 151 53 184 51 59 47 25 342 333 94 185 193 39 64 15 71 0 
T3	2.497	0 138 49 187 10 167 46 387 197 344 164 45 147 56 6 183 77 41 67 143 31 123 334 348 117 340 346 113 352 332 330 339 347 1 336 343 335 345 206 331 350 353 341 351 153 349 338 337 179 124 142 157 152 85 54 176 0 
T4	2.493	0 382 356 369 375 112 163 21 137 29 97 132 61 44 158 52 191 129 7 43 165 177 172 78 102 3 76 84 168 22 106 385 33 0 
T5	1.263	0 36 48 219 89 218 223 221 201 224 212 213 222 217 211 214 209 216 220 210 297 315 310 302 300 323 318 303 250 254 229 230 242 226 316 299 326 228 309 205 324 314 317 308 305 301 321 312 327 304 313 329 233 248 245 319 235 246 251 249 259 255 243 244 258 257 247 202 240 232 24 252 236 322 234 0 
T6	2.497	0 156 8 377 360 275 354 368 362 365 384 284 261 276 268 272 260 203 266 278 265 378 281 282 271 283 199 285 277 107 68 50 136 20 127 81 34 159 82 92 32 27 80 125 110 66 267 263 139 131 186 162 87 140 320 5 239 128 296 227 237 101 253 114 0 
D0	2.496	42 306 126 298 105 188 115 40 
D1	2.490	215 256 26 173 65 231 325 23 
D2	2.467	166 35 364 104 307 311 
D3	2.494	355 160 116 90 225 16 150 73 
D4	2.476	198 238 109 149 328 370 241 
---
400-rc-1-c.txt
Cost = 518.398
T0	2.469	0 32 11 5 121 4 49 52 359 93 99 344 25 107 155 64 157 345 350 63 343 357 95 358 351 347 360 349 354 353 362 363 348 361 355 342 352 190 204 356 346 125 118 68 120 142 123 18 137 45 10 167 0 
T1	2.486	0 228 207 239 219 139 243 222 245 242 213 223 30 247 227 206 236 246 214 225 244 208 231 221 201 232 235 233 241 218 238 226 230 215 224 211 229 156 237 240 20 209 220 212 172 122 144 169 200 97 197 100 28 51 168 166 270 46 279 90 33 234 188 85 74 130 0 
T2	1.917	0 113 187 199 185 195 136 191 180 310 304 288 320 311 319 126 302 291 321 331 293 325 203 333 336 338 296 317 341 6 294 60 88 323 306 326 312 324 318 335 309 307 298 316 300 328 303 334 3 305 340 101 290 182 308 103 339 119 327 292 330 289 70 297 194 337 299 329 315 295 332 313 314 322 40 153 184 111 114 73 66 0 
T3	1.862	0 87 27 62 94 22 146 143 12 148 164 149 285 258 8 78 83 249 159 281 254 274 265 261 53 262 259 255 271 284 251 202 257 276 280 253 269 277 252 287 275 286 248 264 267 260 278 268 134 256 176 282 250 273 272 266 283 69 189 178 158 38 0 
T4	2.448	0 34 141 82 150 57 29 75 67 160 15 196 145 301 98 79 186 2 365 192 373 382 381 364 399 391 369 397 375 393 389 377 366 205 384 392 367 370 400 380 14 371 385 386 374 387 378 396 55 388 372 398 395 368 383 390 105 394 151 104 84 179 376 379 23 54 47 59 35 162 133 131 31 0 
T5	2.243	0 58 77 154 24 44 217 112 39 1 42 36 170 174 128 21 76 135 41 124 109 177 127 17 140 13 132 193 163 19 81 129 61 50 48 117 198 0 
D0	2.498	165 92 37 152 173 116 161 
D1	2.496	106 43 56 96 71 86 80 
D2	2.493	110 210 263 181 7 89 171 16 
D3	2.493	138 9 115 175 102 183 91 
D4	2.497	108 65 147 26 72 216 
---
400-rc-1-e.txt
Cost = 784.020
T0	2.485	0 167 48 58 152 74 85 188 234 33 90 147 97 197 28 100 200 169 144 156 108 210 216 161 207 228 181 24 61 72 92 10 0 
T1	2.488	0 4 49 52 113 40 153 184 119 327 339 103 308 182 79 98 301 290 101 340 305 3 334 303 328 300 298 316 307 309 335 318 324 312 326 306 323 88 60 294 6 341 317 296 338 336 333 203 325 293 331 321 291 126 302 315 329 299 337 194 297 70 289 330 292 322 136 185 199 187 5 121 106 171 120 142 0 
T2	2.497	0 124 177 127 86 81 19 44 217 39 112 213 223 30 247 227 206 246 236 20 209 220 212 172 122 240 237 229 211 224 215 230 226 238 218 241 233 235 201 232 221 231 208 244 214 225 245 242 222 243 139 219 239 116 110 154 77 50 138 115 0 
T3	2.073	0 68 125 346 190 356 204 352 361 355 348 363 362 353 354 349 360 347 358 351 350 343 63 345 157 64 155 304 288 320 311 319 295 332 313 314 310 180 191 195 9 107 25 344 99 93 118 123 137 0 
T4	2.441	0 198 38 158 178 189 69 283 266 273 272 264 248 277 269 253 280 276 257 202 251 284 271 265 261 274 254 281 159 249 83 78 270 166 168 51 46 279 262 53 259 255 287 252 275 286 263 43 65 37 56 130 117 0 
T5	2.459	0 89 34 141 82 150 57 59 47 54 23 105 394 151 104 179 84 372 388 55 396 378 387 374 386 371 385 400 370 367 392 384 205 366 377 389 393 375 397 368 395 398 383 390 15 160 67 91 114 111 73 66 7 11 18 0 
T6	2.497	0 32 175 96 183 379 376 14 380 369 391 399 364 381 382 373 192 365 2 186 196 145 75 29 26 16 80 0 
T7	2.466	0 31 131 35 162 133 71 22 94 146 143 149 164 148 12 134 285 258 8 268 278 267 260 256 176 282 250 165 62 27 87 45 0 
T8	1.325	0 135 128 174 170 36 1 42 193 13 140 17 109 41 0 
D0	0.000	
D1	2.014	357 76 102 129 
D2	0.000	
D3	1.991	342 95 21 163 
D4	1.449	359 132 173 
---
400-rc-1-r.txt
Cost = 531.443
T0	2.467	0 35 162 133 22 94 146 143 12 148 164 285 258 8 78 83 249 159 281 254 274 265 261 46 270 166 168 51 28 100 197 97 200 169 147 279 262 53 259 255 271 284 202 251 257 276 280 253 269 277 252 287 275 286 248 264 267 260 278 268 134 256 176 282 250 273 272 266 283 69 62 0 
T1	2.478	0 27 43 90 33 108 156 144 122 172 212 220 209 20 240 237 229 236 246 206 227 247 30 223 213 112 39 217 44 116 239 219 139 243 222 242 245 225 214 244 208 231 221 232 201 235 233 241 218 238 226 215 224 211 230 216 210 234 188 37 56 189 87 0 
T2	2.485	0 131 31 38 158 178 130 74 152 77 154 24 61 129 81 19 173 102 42 1 36 170 174 128 21 132 17 140 13 193 163 86 72 50 138 48 58 117 198 34 141 82 150 57 0 
T3	2.339	0 114 73 111 184 153 40 187 199 185 195 9 107 25 344 52 359 93 99 125 346 356 204 190 352 342 355 361 348 363 362 353 354 349 360 347 351 358 95 357 343 63 350 345 157 64 155 180 191 136 310 314 313 332 295 330 70 289 292 327 119 91 26 0 
T4	1.597	0 59 47 54 379 179 84 372 388 55 396 378 387 374 386 385 371 14 380 400 370 367 392 384 205 366 377 389 393 375 397 369 391 399 364 381 382 2 368 395 398 383 390 15 196 79 98 301 101 340 305 3 334 303 328 300 298 316 291 321 331 293 325 333 336 338 203 307 309 335 318 324 312 326 306 323 88 60 341 296 317 294 6 320 311 319 126 302 315 329 299 337 194 297 103 339 308 75 29 0 
T5	2.415	0 175 32 7 11 89 115 167 10 92 127 177 109 76 135 124 41 45 137 18 123 142 120 171 68 118 49 4 121 106 5 66 16 96 0 
D0	2.496	394 149 113 263 80 181 67 
D1	2.450	23 104 151 373 290 228 160 
D2	2.386	192 85 183 186 365 288 
D3	2.413	376 322 165 161 207 105 
D4	2.479	71 65 304 110 145 182 
---
400-rc-2-c.txt
Cost = 510.644
T0	2.424	0 103 169 100 22 81 155 121 119 143 64 23 25 133 54 111 14 189 11 173 49 117 162 89 99 183 84 13 180 35 38 188 43 87 108 144 36 97 21 305 75 0 
T1	2.472	0 17 136 339 318 315 328 330 326 321 332 322 206 329 314 335 320 30 331 337 72 336 317 325 316 334 313 194 327 333 323 27 154 24 39 163 18 115 9 7 79 102 94 37 125 56 359 149 365 131 31 178 354 356 343 364 355 342 344 350 341 352 28 361 207 349 353 363 358 345 360 347 348 362 351 227 181 232 216 224 225 220 212 201 231 217 209 221 210 139 211 233 2 116 0 
T2	2.476	0 67 63 176 90 193 382 378 377 375 391 370 371 397 393 19 373 208 366 388 369 374 376 389 384 368 381 400 387 186 395 69 385 150 92 197 151 379 95 192 105 88 390 135 199 62 126 168 3 71 190 129 142 42 73 200 244 147 4 239 242 240 236 202 243 237 158 40 0 
T3	1.465	0 123 266 8 76 324 340 46 338 164 86 59 118 44 61 185 152 1 177 167 148 130 110 141 60 273 288 267 153 280 0 
T4	2.499	0 196 270 276 10 309 104 107 77 6 50 134 132 85 257 254 253 263 248 259 203 251 265 262 55 247 256 245 249 255 260 252 264 246 261 68 114 33 113 101 47 45 80 170 58 159 82 258 250 174 51 34 137 299 291 78 293 300 66 296 311 303 312 302 297 205 310 298 292 301 308 294 295 275 284 204 277 268 286 289 279 281 272 269 274 278 182 290 0 
T5	1.883	0 106 380 191 383 74 241 156 65 91 394 398 165 392 372 367 386 234 146 157 83 128 171 53 357 160 41 127 70 124 346 223 57 26 93 214 145 215 222 228 229 235 226 213 172 219 0 
D0	2.460	271 109 319 29 161 120 198 238 
D1	2.489	32 218 16 48 187 5 184 399 
D2	2.481	179 112 15 195 96 306 12 
D3	2.487	98 140 304 307 287 282 138 166 
D4	2.494	396 230 285 122 52 20 283 175 
---
400-rc-2-e.txt
Cost = 723.630
T0	1.961	0 134 132 257 254 253 258 82 52 110 130 148 167 177 46 1 185 61 44 152 80 45 47 101 113 33 68 261 263 248 249 255 260 252 245 203 259 265 262 251 256 55 247 85 0 
T1	2.465	0 169 63 176 90 193 382 378 377 375 391 370 371 397 393 19 373 208 366 388 369 374 376 389 394 398 165 392 384 368 400 381 92 197 151 379 95 105 192 126 62 199 135 390 88 91 191 383 380 399 396 106 103 0 
T2	2.497	0 276 303 312 278 267 153 280 16 29 28 352 207 349 353 355 364 356 354 178 31 37 7 79 102 94 125 56 359 149 365 131 313 334 320 30 318 161 288 271 182 290 270 96 75 21 6 0 
T3	2.498	0 305 10 291 66 298 294 295 283 282 15 287 60 273 266 315 328 330 326 321 332 322 206 329 314 335 331 337 72 336 317 325 316 327 194 333 323 27 154 24 39 163 9 115 18 86 59 118 164 338 324 340 76 8 141 122 285 304 300 293 78 299 50 0 
T4	2.447	0 97 175 100 5 40 198 184 20 120 73 42 142 129 190 71 3 168 65 156 241 74 238 81 87 108 144 36 0 
T5	2.432	0 67 112 219 172 213 226 235 229 228 222 215 93 214 145 179 234 386 367 372 387 186 395 150 385 69 128 83 157 146 346 223 57 26 225 220 201 212 231 217 209 221 210 139 211 233 2 116 0 
T6	2.297	0 77 107 309 311 296 205 310 297 302 292 301 308 274 269 272 281 275 279 284 204 289 286 277 268 98 123 136 339 32 319 342 344 350 341 361 345 358 363 343 127 70 41 160 357 53 171 124 351 362 348 347 360 227 181 232 216 224 218 230 109 17 307 196 104 0 
T7	2.327	0 12 38 35 13 84 138 143 64 23 133 25 187 158 237 243 202 236 240 242 239 4 147 244 200 195 111 54 14 189 173 117 162 0 
D0	2.421	121 264 159 174 180 99 
D1	2.193	155 11 250 137 22 
D2	2.468	58 89 51 140 166 
D3	2.201	246 43 114 49 183 
D4	2.388	34 48 188 170 119 306 
---
400-rc-2-r.txt
Cost = 625.307
T0	2.935	0 357 127 362 348 347 227 181 232 225 228 222 229 235 226 213 172 219 112 176 63 106 100 5 22 48 87 108 43 188 138 84 183 162 180 13 35 38 144 36 97 21 305 75 311 296 205 310 297 308 301 294 295 283 285 122 60 273 266 315 330 326 332 322 336 317 333 323 154 24 0 
T1	2.813	0 160 41 70 346 223 57 26 93 215 145 214 179 371 396 191 383 74 241 20 147 4 239 242 240 236 202 243 237 195 111 14 189 133 54 187 158 40 116 2 233 211 210 209 231 201 212 220 217 221 224 216 360 345 361 349 207 358 343 354 359 56 125 0 
T2	2.893	0 131 313 334 320 30 318 339 136 123 98 280 153 267 271 288 287 15 282 268 277 286 289 204 284 279 275 281 272 269 274 278 182 290 307 196 96 270 276 303 312 302 292 298 66 300 293 78 299 291 10 309 104 107 12 6 77 50 134 132 250 174 51 34 137 306 304 166 52 141 8 76 328 321 314 329 206 335 331 337 72 325 316 327 194 365 149 0 
T3	2.239	0 7 18 59 118 61 185 1 177 167 148 130 80 45 47 101 113 33 114 68 261 246 264 252 260 255 245 249 248 203 259 262 265 251 256 55 247 85 257 254 253 263 258 82 159 58 170 110 340 324 27 0 
T4	2.541	0 83 395 186 387 400 381 165 368 384 392 377 375 393 19 373 208 366 388 369 374 376 389 398 394 91 65 156 120 73 244 200 42 142 129 190 71 3 168 126 62 199 135 390 88 105 192 95 379 151 197 92 150 385 128 171 94 0 
T5	2.938	0 53 124 146 386 367 372 382 378 391 370 397 399 380 184 198 238 140 25 23 64 99 89 49 117 173 11 143 119 121 155 81 175 169 103 67 17 109 230 218 344 350 341 353 363 364 356 178 31 0 
D0	2.286	157 28 90 161 32 
D1	2.386	69 234 164 115 319 86 355 
D2	0.384	44 
D3	2.477	37 9 152 352 46 342 29 139 
D4	2.348	338 102 163 351 16 193 39 79 
---
