NUM DRONES,5
NUM TRUCKS,10
TRUCK CAP,1300.0
DRONE CAP,2.27
TRUCK SPEED,30.0
DRONE SPEED,40.0
DRONE ENDURANCE,0.6
DRONE TIME LIMIT,2.0
TRUCK TIME LIMIT,2.45
TRUCK UNIT COST,1.25
DRONE UNIT COST,0.03
0	25.00	12.50	0.00
1	2.72	8.63	0.86
2	13.61	18.41	1.57
3	11.17	24.49	1.41
4	1.28	1.24	11.79
5	10.11	5.90	1.39
6	11.80	17.14	1.25
7	2.74	7.36	2.01
8	24.36	9.42	26.64
9	8.95	22.49	1.20
10	24.64	10.29	1.03
11	15.68	3.23	1.68
12	19.20	15.84	1.69
13	15.24	3.46	0.94
14	3.55	6.98	0.28
15	16.38	15.80	1.80
16	4.95	11.73	1.92
17	21.15	14.37	2.25
18	15.55	23.69	0.97
19	5.64	8.14	2.18
20	6.61	4.50	0.69
21	24.32	5.15	1.75
22	3.55	13.66	31.47
23	9.49	23.52	24.40
24	22.25	17.84	32.01
25	0.38	17.18	1.24
26	13.49	21.91	0.96
27	3.46	9.46	2.06
28	3.77	23.47	14.81
29	12.19	17.44	1.70
30	6.47	8.99	1.88
31	19.60	20.78	2.05
32	16.03	14.29	1.36
33	20.60	21.14	2.13
34	3.91	10.84	2.08
35	2.91	22.51	1.60
36	2.74	16.85	1.01
37	19.15	23.05	0.72
38	8.57	21.22	1.61
39	5.60	19.38	0.71
40	18.78	11.94	2.04
41	20.67	1.88	1.11
42	24.41	9.38	1.22
43	2.25	22.27	0.84
44	16.62	23.17	0.36
45	13.50	21.44	2.17
46	9.42	1.95	0.17
47	14.77	1.67	0.96
48	5.53	18.63	1.23
49	1.40	7.49	2.10
50	20.55	11.98	2.23
51	14.09	9.26	0.21
52	8.01	11.98	37.89
53	22.50	10.72	1.70
54	15.77	17.14	1.88
55	6.16	24.70	2.16
56	18.92	1.15	2.26
57	23.97	11.39	2.26
58	15.82	0.56	0.42
59	22.06	17.09	1.26
60	2.21	12.09	1.46
61	23.34	5.59	0.21
62	2.33	11.23	5.58
63	22.07	24.82	11.31
64	14.87	1.22	1.43
65	9.06	14.69	0.89
66	0.53	5.93	1.77
67	12.20	5.60	1.20
68	17.57	15.65	1.88
69	12.91	14.70	0.88
70	0.15	24.30	64.98
71	9.56	0.57	1.88
72	13.78	12.10	1.09
73	20.58	8.31	0.53
74	14.83	24.31	19.57
75	24.79	1.38	0.49
76	23.25	1.49	0.61
77	15.97	23.30	0.98
78	12.75	22.60	0.87
79	5.47	13.69	2.22
80	17.52	20.58	1.93
81	13.35	15.74	1.26
82	1.18	4.86	1.26
83	10.30	13.60	1.10
84	1.82	10.62	1.81
85	3.62	9.63	0.53
86	17.80	11.24	1.64
87	0.38	24.47	1.57
88	3.23	6.97	0.53
89	8.77	9.33	2.03
90	24.59	4.65	51.18
91	17.81	4.09	0.23
92	20.13	18.04	1.95
93	19.17	8.88	54.33
94	9.76	5.50	1.91
95	2.96	10.04	1.32
96	9.60	24.24	1.38
97	7.99	24.19	1.51
98	18.27	9.19	2.12
99	7.17	8.18	0.92
100	0.88	7.51	17.41
101	9.32	1.57	0.58
102	12.77	8.67	1.05
103	18.89	15.34	38.86
104	23.20	18.04	0.36
105	19.84	13.65	58.15
106	19.92	24.00	28.66
107	8.02	17.24	0.42
108	17.65	17.23	0.23
109	16.46	6.00	13.90
110	9.94	2.01	0.83
111	9.42	1.37	0.28
112	9.68	1.80	1.94
113	10.13	1.55	1.10
114	10.04	1.18	0.43
115	9.49	1.61	1.24
116	9.32	1.53	0.52
117	9.69	1.59	1.33
118	12.31	8.95	0.17
119	12.46	7.80	0.63
120	10.23	6.57	49.19
121	12.67	8.58	0.53
122	12.91	8.03	1.08
123	15.13	11.54	1.30
124	12.81	8.72	16.16
125	12.73	8.44	0.33
126	12.88	8.28	0.53
127	12.54	8.22	1.72
128	18.99	14.09	2.11
129	19.30	14.10	0.24
130	18.79	15.14	1.55
131	19.32	14.85	63.74
132	18.88	15.35	2.27
133	18.12	17.89	2.03
134	19.44	14.74	2.16
135	18.85	15.99	36.84
136	18.56	15.23	1.42
137	19.38	15.68	0.69
138	18.55	15.58	1.06
139	17.87	14.65	1.39
140	18.08	15.09	0.23
141	18.68	12.50	1.34
142	22.99	18.12	1.35
143	23.59	17.98	2.09
144	22.80	17.91	1.17
145	24.14	17.88	1.54
146	20.56	19.72	1.91
147	23.15	18.28	2.01
148	23.22	18.48	1.72
149	23.26	17.97	0.94
150	24.58	21.52	25.50
151	23.31	17.84	2.22
152	20.14	16.47	0.78
153	20.62	14.51	13.03
154	20.91	13.81	0.15
155	17.73	11.51	1.18
156	20.56	12.66	1.97
157	19.92	13.52	0.23
158	21.87	14.66	0.94
159	21.26	15.29	1.67
160	19.88	23.70	0.45
161	19.51	24.40	1.90
162	22.52	23.55	0.20
163	19.16	24.12	1.34
164	19.02	23.49	49.48
165	21.85	22.36	50.56
166	20.03	24.09	1.49
167	20.05	24.00	1.55
168	19.75	24.02	1.98
169	9.03	16.49	1.08
170	7.44	16.15	1.79
171	6.91	16.80	53.67
172	8.16	18.56	1.79
173	5.18	15.78	1.82
174	7.70	17.44	1.46
175	8.11	17.21	1.35
176	7.86	16.60	1.21
177	8.67	17.48	0.99
178	7.53	15.89	0.63
179	7.54	17.71	0.53
180	8.12	17.32	0.26
181	17.73	17.10	0.96
182	17.97	17.17	1.08
183	17.56	17.31	0.18
184	20.89	15.23	0.97
185	18.02	17.16	0.97
186	18.26	17.22	2.15
187	17.58	17.25	1.73
188	17.16	17.15	1.88
189	19.05	18.51	1.51
190	17.66	16.70	2.06
191	18.58	20.08	0.16
192	17.51	17.49	1.04
193	18.87	17.85	0.48
194	18.60	18.11	1.18
195	17.20	17.49	43.59
196	16.93	6.19	1.96
197	17.33	7.86	1.33
198	16.67	6.87	1.23
199	15.64	4.53	0.71
200	17.52	5.61	62.43
