NUM DRONES,5
NUM TRUCKS,10
TRUCK CAP,1300.00
DRONE CAP,2.27
TRUCK SPEED,30.00
DRONE SPEED,40.00
DRONE ENDURANCE,0.60
DRONE TIME LIMIT,2.50
TRUCK TIME LIMIT,2.50
TRUCK UNIT COST,1.25
DRONE UNIT COST,0.03
0	10.97	8.00	0.00
1	12.62	6.73	1.59
2	11.01	14.61	1.90
3	18.88	9.70	0.46
4	1.05	13.72	0.14
5	24.34	9.00	0.80
6	18.90	20.30	1.61
7	4.31	9.14	1.26
8	22.78	10.42	1.04
9	15.25	6.72	1.37
10	18.41	16.21	1.35
11	21.44	1.30	0.62
12	16.74	1.40	1.87
13	14.48	15.76	0.99
14	14.44	22.34	0.83
15	1.80	5.22	0.63
16	2.38	6.84	1.64
17	4.34	9.30	1.51
18	24.45	17.78	1.29
19	21.56	24.41	9.87
20	5.77	8.64	1.42
21	7.99	8.10	0.93
22	19.68	9.66	1.27
23	22.39	19.82	64.04
24	2.17	18.25	48.04
25	11.27	15.62	1.41
26	5.19	22.28	0.97
27	8.72	9.97	1.01
28	20.12	18.89	2.01
29	17.38	19.60	1.80
30	6.22	6.52	0.24
31	17.45	7.87	0.33
32	2.89	20.49	1.24
33	0.57	24.30	0.41
34	21.25	24.27	0.38
35	2.66	22.16	0.78
36	6.22	15.62	0.40
37	4.43	7.77	0.16
38	17.81	21.75	1.09
39	0.81	4.22	0.59
40	3.44	4.42	51.60
41	2.65	21.94	0.18
42	21.99	16.09	0.47
43	18.20	15.46	1.64
44	22.71	4.49	0.93
45	22.72	0.57	0.43
46	2.31	2.42	0.87
47	4.27	18.10	63.84
48	1.63	8.13	0.33
49	8.88	13.18	1.87
50	23.52	22.47	0.59
51	6.08	0.78	0.87
52	3.65	15.38	1.28
53	1.80	15.75	0.95
54	0.57	24.46	0.24
55	11.71	23.19	9.65
56	7.88	5.02	1.47
57	17.44	11.98	2.21
58	15.06	2.62	1.13
59	2.07	2.75	1.15
60	5.63	22.52	1.74
61	4.26	6.44	1.64
62	8.32	8.26	0.33
63	19.80	17.01	54.56
64	2.76	10.12	1.91
65	1.81	0.43	1.59
66	7.13	12.93	0.96
67	22.27	12.55	1.54
68	10.55	20.02	1.24
69	8.56	5.48	0.11
70	6.93	9.71	0.38
71	12.16	22.95	1.24
72	15.01	22.73	1.64
73	12.87	14.98	1.43
74	4.99	22.66	1.85
75	6.27	8.49	0.34
76	5.93	11.31	1.56
77	11.20	8.72	1.64
78	12.05	0.91	1.41
79	5.38	19.64	1.14
80	1.85	15.26	0.26
81	13.44	14.72	0.60
82	4.20	4.53	0.96
83	7.83	3.85	1.74
84	9.30	24.75	0.28
85	11.29	11.50	0.45
86	4.83	17.16	1.24
87	22.02	13.44	0.95
88	22.27	4.82	1.43
89	7.24	2.04	1.71
90	18.30	5.19	35.95
91	22.09	11.89	49.77
92	3.77	12.50	0.93
93	19.80	13.39	2.02
94	8.36	18.70	1.36
95	15.81	3.71	1.95
96	5.88	3.33	1.75
97	1.79	3.74	2.19
98	8.25	9.91	1.26
99	6.51	9.99	1.99
100	13.59	5.95	1.39
101	21.64	20.29	1.24
102	9.25	9.76	2.08
103	4.97	1.10	1.19
104	2.82	2.71	1.09
105	16.06	11.88	0.80
106	4.33	4.77	1.51
107	16.22	20.03	8.10
108	2.68	22.87	0.63
109	14.50	17.20	0.75
110	1.54	14.28	1.98
111	12.25	3.19	1.01
112	6.56	22.32	0.53
113	16.28	1.60	34.22
114	2.36	23.18	1.88
115	2.05	23.13	2.07
116	7.79	15.65	1.37
117	23.92	3.84	0.17
118	0.56	0.37	1.20
119	10.17	9.46	0.47
120	8.71	21.11	0.58
121	20.12	9.08	1.92
122	20.23	13.99	53.45
123	24.40	9.37	1.82
124	0.66	1.22	1.01
125	11.40	21.04	0.96
126	17.76	21.70	0.25
127	10.92	6.50	0.31
128	4.08	20.88	1.10
129	15.73	8.80	0.86
130	1.03	13.36	0.90
131	16.58	24.22	1.39
132	13.99	12.65	1.84
133	21.97	2.43	1.41
134	8.94	18.50	0.26
135	15.67	2.24	1.81
136	21.49	22.72	1.11
137	10.64	13.94	1.47
138	16.63	17.81	2.23
139	12.74	4.55	1.78
140	13.14	0.21	0.54
141	16.75	19.32	1.61
142	24.00	17.57	2.12
143	18.04	16.52	0.38
144	21.98	14.62	0.12
145	0.42	5.76	1.14
146	0.67	16.08	1.24
147	17.11	19.75	0.92
148	22.77	23.00	0.61
149	18.04	3.56	2.17
150	10.05	3.49	0.53
151	22.47	8.65	0.91
152	9.85	6.14	1.82
153	9.85	17.45	1.06
154	24.82	6.31	0.77
155	3.02	7.34	0.73
156	6.64	6.49	1.12
157	3.62	20.46	15.29
158	13.91	11.17	21.15
159	4.54	1.12	0.97
160	3.61	7.21	0.70
161	18.84	17.25	0.62
162	19.02	17.96	1.02
163	6.22	17.64	2.11
164	13.44	11.65	1.03
165	24.08	8.59	1.22
166	6.52	21.16	0.40
167	2.17	24.21	0.21
168	6.85	20.32	1.59
169	20.84	22.66	2.11
170	2.08	3.44	0.24
171	0.77	16.55	0.17
172	10.76	6.06	1.69
173	0.94	11.21	2.17
174	22.18	11.11	1.04
175	23.65	10.70	0.13
176	12.03	4.33	0.49
177	5.67	4.19	6.30
178	5.72	10.82	0.85
179	21.51	21.43	1.25
180	23.40	16.41	2.17
181	0.21	6.26	0.24
182	15.79	12.06	0.11
183	22.81	13.06	1.18
184	1.04	21.35	2.03
185	7.26	1.87	0.15
186	22.42	22.30	2.20
187	2.82	0.14	0.82
188	17.89	8.70	1.98
189	10.17	9.19	1.50
190	3.28	16.05	1.35
191	16.21	23.37	1.05
192	0.04	17.62	1.30
193	7.17	4.85	1.16
194	3.64	6.97	1.83
195	21.82	18.88	18.98
196	21.25	17.98	1.79
197	11.81	19.27	1.63
198	20.05	5.70	0.98
199	16.75	4.99	1.19
200	20.86	4.87	1.18
201	7.88	23.50	8.24
202	15.12	9.39	2.18
203	21.55	5.09	13.15
204	6.31	18.49	21.70
205	12.05	12.64	1.15
206	16.61	10.17	1.56
207	12.98	4.63	1.39
208	2.13	2.42	1.11
209	11.51	0.65	0.30
210	4.79	23.84	59.70
211	24.82	22.71	0.42
212	7.16	10.17	38.37
213	11.77	0.61	1.02
214	3.71	12.99	1.01
215	8.06	11.58	2.03
216	2.65	6.58	11.33
217	2.45	8.50	13.51
218	16.53	16.32	1.54
219	4.08	8.59	1.34
220	9.87	18.64	55.73
221	18.44	18.62	5.81
222	6.02	8.49	1.90
223	19.21	10.94	1.05
224	4.82	24.63	1.75
225	13.24	20.31	1.56
226	20.29	10.97	1.85
227	7.17	17.89	64.50
228	11.98	22.52	0.19
229	4.28	16.76	1.15
230	7.12	24.36	11.45
231	24.65	18.72	1.60
232	9.82	8.70	2.13
233	7.00	21.50	1.38
234	16.27	16.98	1.31
235	20.22	9.38	2.04
236	2.46	4.49	52.60
237	7.51	13.02	0.83
238	5.59	1.41	2.11
239	9.68	13.77	0.81
240	15.88	10.90	1.57
241	24.09	2.65	0.63
242	14.38	23.64	0.64
243	1.10	19.84	38.83
244	16.83	20.04	1.88
245	15.66	8.30	0.31
246	8.38	16.34	45.21
247	1.04	10.99	0.18
248	19.36	17.51	1.96
249	20.99	5.26	11.64
250	21.43	1.36	1.31
251	24.21	11.29	0.86
252	23.11	1.05	1.49
253	10.51	20.63	39.78
254	13.73	14.08	1.04
255	7.20	18.30	14.13
256	11.62	8.34	0.49
257	2.65	2.13	0.75
258	0.64	11.65	1.80
259	13.51	17.28	0.40
260	19.58	12.75	2.04
261	22.89	18.28	0.74
262	1.96	17.84	1.98
263	21.84	11.50	1.63
264	10.08	12.26	0.63
265	7.19	24.19	10.39
266	18.17	18.05	2.25
267	7.56	19.98	1.77
268	15.53	1.02	0.76
269	12.73	22.41	1.75
270	12.00	9.35	1.16
271	11.62	13.53	2.07
272	18.49	11.73	0.81
273	12.54	22.96	2.06
274	7.93	6.12	15.63
275	6.67	4.95	0.22
276	2.75	6.67	0.79
277	0.02	1.93	1.27
278	3.65	12.15	47.79
279	7.83	10.18	0.28
280	7.16	19.73	1.29
281	3.46	13.27	0.19
282	1.45	5.32	1.66
283	10.09	18.68	0.34
284	15.03	1.46	0.64
285	13.53	11.04	1.71
286	7.05	17.38	0.96
287	9.45	17.06	0.68
288	7.75	4.12	1.33
289	9.27	10.17	0.96
290	9.17	7.37	0.77
291	11.64	6.85	0.73
292	7.37	0.28	0.17
293	1.49	23.25	0.46
294	12.00	1.64	1.11
295	11.74	6.69	0.64
296	0.11	13.76	1.01
297	16.80	3.50	1.57
298	9.55	9.13	23.35
299	10.98	20.87	0.61
300	5.56	2.88	0.81
301	15.33	11.12	1.42
302	10.35	3.37	1.88
303	24.68	22.96	0.50
304	8.22	15.03	0.30
305	12.37	11.26	0.55
306	13.91	19.27	1.05
307	5.92	11.30	0.13
308	22.80	20.04	0.49
309	19.64	15.37	1.78
310	22.27	7.48	54.54
311	2.11	0.07	0.54
312	8.61	2.78	0.29
313	13.64	22.03	1.88
314	11.68	7.00	0.63
315	10.76	12.19	1.19
316	15.41	24.89	1.09
317	20.66	12.58	0.76
318	24.57	21.62	0.69
319	4.38	7.45	2.18
320	10.67	12.72	0.39
321	13.16	14.78	1.43
322	12.01	24.62	0.69
323	17.65	12.18	1.67
324	4.33	7.18	1.68
325	15.52	5.10	1.29
326	23.97	21.04	1.48
327	13.58	19.85	0.93
328	9.64	16.15	1.54
329	11.17	8.65	1.31
330	6.86	7.03	0.24
331	14.68	16.55	1.67
332	8.59	1.47	50.86
333	12.91	1.65	1.58
334	1.83	6.95	1.77
335	19.85	12.29	29.03
336	10.96	13.90	0.56
337	9.56	7.09	1.57
338	14.36	15.96	49.14
339	17.98	22.14	2.19
340	0.93	21.27	45.58
341	19.71	10.02	2.04
342	1.64	14.48	1.30
343	15.20	4.12	2.18
344	21.28	5.90	1.06
345	22.91	21.75	2.09
346	23.51	16.48	0.26
347	5.03	23.73	26.51
348	1.53	1.11	0.96
349	17.62	3.23	2.07
350	7.43	8.77	1.35
351	0.26	10.29	32.29
352	18.63	2.16	0.62
353	22.90	5.57	0.62
354	17.23	19.27	1.00
355	22.40	13.85	43.07
356	14.35	17.16	1.67
357	12.63	1.15	0.75
358	13.36	15.29	1.86
359	23.86	8.95	0.19
360	18.64	16.79	0.38
361	22.46	9.85	9.90
362	20.95	5.34	1.22
363	13.57	6.53	0.28
364	16.05	14.96	1.22
365	13.86	14.06	1.44
366	2.35	10.56	1.77
367	12.05	20.11	2.08
368	11.41	23.76	2.07
369	11.35	22.56	45.12
370	18.11	21.46	1.26
371	17.82	6.06	31.63
372	11.46	24.53	0.22
373	15.42	12.10	2.08
374	18.02	13.03	1.13
375	0.33	16.07	0.10
376	20.63	2.20	59.37
377	21.80	14.25	18.73
378	15.63	13.20	0.51
379	20.77	1.59	1.43
380	17.31	15.42	0.45
381	16.19	1.78	35.30
382	19.88	19.03	1.08
383	22.45	21.99	2.00
384	4.03	23.87	0.36
385	6.54	24.52	1.48
386	4.85	6.24	1.14
387	23.71	3.95	43.21
388	0.52	16.07	1.47
389	13.76	21.66	1.28
390	13.09	22.40	0.37
391	13.12	4.32	0.81
392	22.50	7.41	0.63
393	4.41	4.66	0.18
394	7.86	15.99	0.78
395	10.15	8.27	2.12
396	9.53	14.16	1.78
397	0.47	0.29	2.26
398	6.96	5.96	0.88
399	8.45	2.34	1.20
400	23.82	8.63	0.41
