NUM DRONES,5
NUM TRUCKS,10
TRUCK CAP,1300.00
DRONE CAP,2.27
TRUCK SPEED,30.00
DRONE SPEED,40.00
DRONE ENDURANCE,0.60
DRONE TIME LIMIT,2.50
TRUCK TIME LIMIT,2.65
TRUCK UNIT COST,1.25
DRONE UNIT COST,0.03
0	8.83	23.63	0.00
1	1.94	15.95	0.33
2	6.28	1.97	0.30
3	7.81	7.34	0.59
4	18.47	17.67	1.96
5	10.13	1.60	0.70
6	8.43	11.06	1.12
7	19.04	5.58	0.69
8	15.36	16.60	37.33
9	12.73	17.90	1.49
10	0.20	6.02	57.97
11	4.60	3.77	67.49
12	23.49	4.35	0.48
13	24.29	18.28	0.83
14	6.42	11.66	2.12
15	12.10	21.32	2.03
16	22.09	19.38	1.32
17	12.25	3.98	1.30
18	21.77	15.08	0.50
19	22.19	2.50	0.83
20	3.57	18.82	1.44
21	23.93	6.89	1.51
22	17.10	8.89	0.19
23	3.37	16.17	0.57
24	13.23	10.96	1.40
25	18.51	17.21	0.88
26	13.98	2.29	1.11
27	13.73	9.01	1.84
28	1.72	14.97	1.27
29	24.41	16.86	1.63
30	7.96	16.46	2.16
31	20.37	22.33	0.83
32	22.48	10.46	1.96
33	4.86	2.99	2.11
34	2.78	1.84	2.01
35	8.15	7.74	0.48
36	0.70	4.06	0.11
37	21.71	3.13	0.78
38	23.16	14.61	0.37
39	16.11	0.57	1.49
40	4.60	23.03	1.49
41	2.99	12.09	2.11
42	11.87	15.54	0.15
43	5.48	2.54	2.02
44	20.06	3.04	1.44
45	6.14	4.05	0.40
46	5.36	2.02	0.19
47	14.62	1.64	1.42
48	24.84	13.76	1.47
49	12.68	22.93	0.18
50	18.77	20.15	0.83
51	22.81	22.64	2.00
52	7.42	5.38	1.90
53	12.81	24.14	1.17
54	13.30	17.16	0.53
55	4.72	22.21	1.08
56	20.52	21.30	55.01
57	10.94	15.39	1.03
58	5.89	10.79	0.66
59	14.18	5.51	0.73
60	14.72	17.40	1.49
61	12.10	8.49	17.46
62	6.05	20.94	0.94
63	20.53	23.71	1.21
64	15.56	13.40	1.61
65	20.87	19.61	1.50
66	23.56	1.15	1.73
67	15.08	17.91	1.25
68	11.06	0.69	1.31
69	22.46	8.44	1.61
70	8.21	14.14	1.22
71	4.56	10.08	1.37
72	6.21	23.59	0.59
73	14.98	6.02	0.62
74	0.92	9.19	1.90
75	19.46	16.75	1.52
76	7.23	8.97	4.87
77	7.46	18.33	1.59
78	4.46	7.41	0.84
79	19.87	4.44	0.38
80	22.92	8.32	0.93
81	19.63	8.20	0.57
82	12.40	18.09	1.33
83	16.48	23.44	1.69
84	2.30	6.65	1.57
85	24.39	20.37	2.26
86	12.87	3.16	0.63
87	0.70	22.78	0.85
88	1.56	18.99	0.45
89	20.25	23.23	1.52
90	9.66	15.15	1.20
91	7.92	3.79	29.75
92	4.45	15.06	1.00
93	22.87	9.24	55.24
94	8.87	4.84	2.13
95	3.89	23.47	0.85
96	4.06	9.38	2.02
97	17.00	11.63	0.32
98	22.74	5.68	1.39
99	16.97	8.84	0.76
100	18.69	22.81	1.90
101	0.97	0.26	1.59
102	18.57	1.81	18.83
103	4.76	20.07	1.15
104	21.72	3.28	1.42
105	10.76	20.39	1.53
106	18.51	18.06	0.30
107	8.05	8.71	1.42
108	15.60	21.70	1.10
109	19.65	8.51	0.60
110	23.57	23.35	1.15
111	7.96	1.05	5.74
112	15.73	4.29	2.05
113	17.96	12.89	2.05
114	24.98	0.16	2.03
115	18.72	13.99	0.90
116	5.31	0.08	1.01
117	9.03	7.11	1.94
118	9.58	5.04	0.49
119	0.08	11.69	1.23
120	16.00	10.91	1.71
121	19.67	13.49	1.18
122	12.56	24.97	0.23
123	11.16	4.78	2.15
124	4.08	23.34	1.84
125	3.53	8.61	1.18
126	0.19	20.37	1.54
127	24.10	18.75	0.86
128	10.06	3.77	0.47
129	14.29	8.73	1.75
130	2.79	18.13	1.82
131	2.71	6.74	1.32
132	16.99	8.38	43.74
133	20.01	17.57	1.77
134	15.44	14.08	0.25
135	7.53	11.25	24.16
136	7.83	17.71	1.29
137	17.25	10.02	1.83
138	11.77	20.19	0.79
139	5.96	22.20	1.59
140	9.08	19.98	0.21
141	22.52	11.12	1.55
142	9.23	11.40	1.30
143	10.81	21.95	58.80
144	17.43	1.75	0.69
145	24.03	6.01	1.62
146	2.29	11.56	1.95
147	18.88	12.85	0.57
148	10.39	18.50	1.24
149	13.65	9.75	1.48
150	24.22	3.56	2.15
151	15.81	8.07	0.55
152	19.93	0.37	0.63
153	21.25	4.23	2.26
154	20.60	7.20	0.72
155	11.01	9.51	0.12
156	20.95	13.05	1.75
157	20.10	11.28	1.60
158	1.53	12.26	0.60
159	8.37	15.99	0.74
160	0.11	22.45	50.82
161	15.71	4.09	1.74
162	11.77	12.47	0.51
163	16.95	5.93	0.57
164	15.53	19.70	1.95
165	13.26	10.10	0.69
166	2.91	22.17	0.20
167	4.68	20.42	0.21
168	0.84	23.01	2.22
169	13.66	9.92	0.36
170	16.48	12.72	17.19
171	23.62	22.12	1.53
172	12.53	11.16	1.88
173	22.38	10.03	0.39
174	4.11	22.32	2.23
175	19.52	0.20	1.27
176	17.36	9.19	0.24
177	20.35	5.69	31.90
178	24.47	6.16	1.49
179	16.62	24.04	2.15
180	9.10	8.84	1.61
181	24.32	1.57	2.12
182	18.58	11.10	54.17
183	20.53	11.91	1.47
184	3.78	19.99	2.16
185	9.73	12.39	67.47
186	21.30	19.36	0.86
187	18.87	7.37	0.71
188	19.05	22.95	2.26
189	12.64	0.06	1.58
190	0.50	8.47	27.26
191	12.98	5.35	0.82
192	18.27	2.03	52.73
193	4.84	4.21	2.24
194	11.47	0.54	40.41
195	24.48	7.02	1.36
196	8.89	5.65	0.99
197	18.62	21.61	0.34
198	9.09	12.33	2.23
199	15.11	14.00	1.70
200	21.73	11.22	0.18
201	0.86	9.34	1.68
202	23.33	20.51	2.04
203	7.81	12.14	1.51
204	21.75	22.18	1.85
205	1.93	10.06	2.18
206	6.33	8.42	21.25
207	21.89	11.70	25.44
208	10.25	12.98	1.74
209	11.51	9.11	1.25
210	21.17	13.20	1.77
211	5.13	2.05	2.11
212	18.44	8.48	0.77
213	10.94	12.84	2.27
214	11.80	16.09	0.86
215	22.34	19.04	0.49
216	17.96	17.82	0.17
217	18.10	19.39	0.97
218	10.12	21.05	0.28
219	20.81	18.51	0.25
220	15.46	1.22	0.68
221	12.26	16.87	2.17
222	4.12	22.93	1.16
223	21.60	17.67	0.12
224	9.12	4.81	1.98
225	19.51	11.27	1.71
226	4.84	22.12	1.57
227	11.48	16.46	1.83
228	23.64	11.20	0.44
229	5.86	12.45	1.86
230	4.58	10.87	53.00
231	15.15	23.16	0.68
232	3.24	15.82	1.57
233	24.19	22.55	0.55
234	14.07	22.70	0.17
235	20.09	17.84	1.82
236	18.73	16.51	0.60
237	23.44	8.01	1.41
238	12.02	8.62	1.84
239	5.01	3.75	2.21
240	5.04	0.66	2.10
241	2.29	22.84	1.85
242	22.18	5.81	59.97
243	5.90	9.35	0.14
244	0.03	3.36	1.14
245	17.82	9.20	0.43
246	14.52	11.81	0.33
247	10.99	10.81	1.53
248	22.74	6.45	1.98
249	11.24	0.01	0.65
250	10.66	7.43	2.21
251	4.49	3.16	2.10
252	7.24	9.87	2.21
253	13.24	11.31	1.90
254	14.20	0.28	1.09
255	5.94	2.75	1.26
256	5.56	14.44	1.33
257	13.33	5.57	1.29
258	3.73	14.47	0.44
259	5.73	5.14	1.13
260	22.02	8.37	0.87
261	20.24	17.55	1.22
262	20.28	16.47	25.42
263	22.02	17.46	0.28
264	9.12	12.87	0.60
265	22.77	8.83	1.18
266	6.67	5.79	1.31
267	22.37	11.67	9.45
268	6.56	6.88	2.05
269	2.62	3.57	1.50
270	23.97	22.75	0.27
271	0.40	13.03	0.55
272	22.96	22.81	0.18
273	14.24	3.68	1.78
274	17.81	2.28	0.61
275	21.93	23.56	1.64
276	17.61	8.17	1.92
277	24.15	21.79	1.78
278	9.74	4.63	0.22
279	14.99	16.71	0.74
280	8.45	8.03	18.97
281	17.49	8.61	0.36
282	13.82	2.90	57.85
283	13.01	12.66	0.34
284	7.47	1.11	1.33
285	23.46	23.43	1.86
286	9.05	24.86	0.16
287	0.06	14.69	1.45
288	6.53	0.28	0.21
289	2.08	24.17	1.05
290	22.19	19.57	47.49
291	24.69	8.00	1.85
292	9.29	4.97	0.40
293	18.23	2.66	1.01
294	11.82	20.11	29.90
295	14.14	3.66	1.19
296	14.81	20.27	1.95
297	16.90	2.13	19.92
298	2.88	6.73	1.63
299	12.86	18.67	0.54
300	21.30	7.06	0.29
301	17.88	19.67	1.55
302	11.42	15.02	0.31
303	14.66	5.42	0.92
304	20.11	14.40	1.01
305	21.35	23.53	21.32
306	9.86	13.06	2.22
307	17.77	18.52	1.70
308	9.42	13.36	1.26
309	22.17	12.45	1.21
310	1.64	3.11	35.14
311	7.71	11.68	0.61
312	1.56	16.87	0.22
313	1.56	8.55	0.68
314	13.76	8.41	41.91
315	13.67	6.32	45.77
316	21.73	6.85	57.94
317	8.69	0.85	0.17
318	22.32	7.23	0.39
319	13.41	13.62	1.15
320	2.58	20.83	2.97
321	11.42	18.55	1.89
322	12.41	11.46	17.69
323	2.45	8.37	1.10
324	7.50	12.64	1.32
325	3.11	21.67	1.73
326	1.41	22.52	0.13
327	3.22	15.10	1.95
328	20.52	11.69	1.89
329	1.64	5.12	7.88
330	11.15	14.06	0.91
331	23.48	0.24	1.42
332	11.87	1.57	1.59
333	2.85	13.10	1.81
334	14.57	18.97	1.74
335	15.68	1.73	1.27
336	16.17	10.16	1.87
337	14.50	24.66	0.85
338	16.50	2.43	0.46
339	13.44	2.12	59.01
340	6.16	10.45	0.57
341	11.40	24.94	1.70
342	2.94	3.81	1.85
343	14.97	18.19	0.63
344	17.83	24.67	1.89
345	6.34	7.62	1.14
346	22.51	20.55	1.18
347	17.48	22.71	1.59
348	20.36	19.92	2.03
349	16.01	22.48	0.74
350	17.79	24.07	0.13
351	2.30	10.68	1.77
352	17.53	15.28	1.07
353	21.59	5.70	31.28
354	3.02	0.17	1.66
355	17.54	1.31	0.95
356	19.66	4.42	26.33
357	9.07	22.51	1.46
358	12.04	13.31	1.72
359	0.36	17.18	0.70
360	3.67	6.27	0.67
361	3.84	8.06	44.67
362	13.93	5.86	48.07
363	7.55	6.38	31.19
364	6.42	12.10	1.57
365	2.90	8.93	1.87
366	12.37	12.41	1.61
367	10.07	20.16	1.13
368	2.64	2.29	1.46
369	0.04	10.68	2.17
370	5.34	2.49	1.64
371	1.74	11.61	0.93
372	2.18	10.51	1.73
373	2.54	10.18	0.32
374	12.88	6.93	2.16
375	19.75	11.54	0.98
376	6.01	22.89	1.77
377	0.74	23.27	0.47
378	18.54	17.16	1.08
379	19.52	1.52	0.75
380	15.56	13.38	1.22
381	5.85	16.29	0.52
382	21.15	15.18	1.22
383	8.82	0.38	0.80
384	7.54	2.93	0.82
385	7.87	23.43	0.54
386	12.10	16.49	0.14
387	0.48	19.14	1.47
388	14.13	19.74	1.64
389	4.74	3.33	0.35
390	20.83	22.18	0.95
391	11.55	15.49	0.97
392	22.30	22.52	1.57
393	17.53	19.68	2.24
394	20.97	21.86	0.43
395	19.73	5.62	1.28
396	6.05	21.76	1.96
397	7.83	18.36	0.58
398	2.22	0.45	1.84
399	11.80	0.55	1.82
400	4.86	10.57	44.46
